1	119
1	980
2	244
2	954
3	988
3	996
4	206
4	998
5	728
5	988
6	231
6	346
7	154
7	639
8	331
8	1000
9	357
9	772
10	210
10	599
11	990
11	999
12	168
12	939
13	25
13	319
14	191
14	409
15	313
15	973
16	994
16	995
17	976
17	991
18	224
18	835
19	186
19	214
20	41
20	959
21	624
21	979
22	544
22	628
23	63
23	298
24	937
24	940
25	13
25	319
26	150
26	576
27	323
27	739
28	991
28	992
29	286
29	641
30	970
30	993
31	603
31	766
32	937
32	940
33	50
33	438
34	43
34	973
35	955
35	988
36	275
36	389
37	198
37	879
38	526
38	959
39	794
39	936
40	569
40	596
41	20
41	959
42	263
42	968
43	34
43	973
44	991
44	992
45	247
45	358
46	583
46	983
47	569
47	596
48	220
48	276
49	352
49	566
50	33
50	932
50	992
51	250
51	362
52	304
52	983
53	439
53	998
54	143
54	510
55	156
55	582
56	938
56	969
57	976
57	995
58	687
58	849
59	98
59	814
60	990
60	997
61	299
61	579
62	246
62	985
63	23
63	156
64	975
64	981
65	229
65	435
66	470
66	800
67	378
67	395
68	408
68	980
69	147
69	273
70	953
70	968
71	559
71	585
72	200
72	952
73	478
73	980
74	605
74	982
75	260
75	969
76	601
76	796
77	975
77	981
78	994
78	995
79	406
79	519
80	727
80	947
81	95
81	633
82	187
82	253
83	179
83	374
84	649
84	959
85	990
85	997
86	412
86	776
87	105
87	599
88	542
88	706
89	153
89	998
90	212
90	343
91	496
91	995
92	326
92	351
93	520
93	994
94	475
94	965
95	81
95	633
96	606
96	788
97	247
97	970
98	59
98	596
99	506
99	619
100	653
100	939
101	988
101	996
102	359
102	958
103	119
103	669
104	865
104	939
105	87
105	599
106	497
106	800
107	138
107	633
108	425
108	979
109	385
109	982
110	402
110	933
111	193
111	522
112	227
112	314
113	972
113	988
114	129
114	979
115	128
115	254
116	166
116	993
117	439
117	998
118	788
118	931
119	1
119	103
120	177
120	392
121	493
121	849
122	972
122	988
123	834
123	964
124	447
124	998
125	416
125	682
126	213
126	676
127	162
127	398
128	115
128	254
129	114
129	979
130	994
130	995
131	976
131	992
132	528
132	938
133	279
133	999
134	915
134	993
135	231
135	303
136	189
136	401
137	948
137	985
138	107
138	633
139	163
139	988
140	990
140	999
141	810
141	947
142	994
142	995
143	54
143	510
144	938
144	969
145	432
145	998
146	333
146	995
147	69
147	273
148	997
148	999
149	938
149	969
150	26
150	576
151	618
151	835
152	950
152	953
153	89
153	998
154	7
154	959
155	335
155	998
156	55
156	63
157	241
157	713
158	994
158	995
159	990
159	997
160	410
160	566
161	269
161	980
162	127
162	605
163	139
163	988
164	472
164	772
165	975
165	981
166	116
166	993
167	976
167	991
168	12
168	939
169	988
169	996
170	266
170	570
171	302
171	949
172	984
172	1000
173	288
173	350
174	975
174	981
175	952
175	968
176	915
176	993
177	120
177	392
178	470
178	992
179	83
179	372
180	306
180	310
181	293
181	571
182	915
182	993
183	185
183	363
184	424
184	982
185	183
185	985
186	19
186	214
187	82
187	253
188	997
188	999
189	136
189	401
190	216
190	334
191	14
191	409
192	970
192	993
193	111
193	522
194	638
194	963
195	865
195	939
196	972
196	988
197	749
197	973
198	37
198	879
199	424
199	982
200	72
200	952
201	964
201	993
202	955
202	988
203	965
203	986
204	235
204	521
205	403
205	682
206	4
206	998
207	601
207	985
208	414
208	474
209	483
209	584
210	10
210	401
211	311
211	674
212	90
212	274
213	126
213	676
214	19
214	186
215	949
215	958
216	190
216	334
217	316
217	979
218	339
218	354
219	513
219	985
220	48
220	512
221	900
221	940
222	438
222	589
223	578
223	609
224	18
224	835
225	994
225	995
226	581
226	965
227	112
227	314
228	926
228	933
229	65
229	435
230	301
230	315
231	6
231	135
232	746
232	999
233	652
233	656
234	347
234	694
235	204
235	521
236	493
236	555
237	967
237	993
238	951
238	963
239	399
239	982
240	834
240	959
241	157
241	309
242	507
242	583
243	990
243	997
244	2
244	954
245	944
245	976
246	62
246	985
247	45
247	97
248	514
248	638
249	638
249	963
250	51
250	461
251	991
251	992
252	322
252	980
253	82
253	187
254	115
254	128
255	268
255	1000
256	582
256	979
257	968
257	971
258	938
258	969
259	906
259	954
260	75
260	969
261	336
261	353
262	505
262	959
263	42
263	968
264	371
264	947
265	579
265	663
266	170
266	570
267	953
267	968
268	255
268	1000
269	161
269	980
270	953
270	962
271	305
271	850
272	287
272	527
273	69
273	147
274	212
274	737
275	36
275	389
276	48
276	818
277	606
277	617
278	962
278	994
279	133
279	478
280	355
280	983
281	576
281	923
282	461
282	561
283	415
283	624
284	311
284	425
285	619
285	939
286	29
286	571
287	272
287	527
288	173
288	350
289	779
289	794
290	777
290	846
291	949
291	958
292	994
292	995
293	181
293	571
294	990
294	997
295	358
295	599
296	952
296	968
297	608
297	986
298	23
298	317
299	61
299	910
300	949
300	958
301	230
301	315
302	171
302	949
303	135
303	409
304	52
304	983
305	271
305	729
306	180
306	310
307	390
307	649
308	653
308	939
309	241
309	337
310	180
310	306
311	211
311	284
312	874
312	920
313	15
313	973
314	112
314	227
315	230
315	301
316	217
316	979
317	298
317	518
318	516
318	959
319	13
319	25
320	447
320	998
321	432
321	991
322	252
322	980
323	27
323	739
324	964
324	993
325	967
325	993
326	92
326	351
327	937
327	940
328	628
328	991
329	722
329	986
330	706
330	1000
331	8
331	1000
332	705
332	958
333	146
333	818
334	190
334	216
335	155
335	998
336	261
336	353
337	309
337	585
338	990
338	999
339	218
339	354
340	776
340	874
341	713
341	988
342	712
342	947
343	90
343	510
344	400
344	414
345	377
345	993
346	6
346	474
347	234
347	694
348	970
348	993
349	964
349	993
350	173
350	288
351	92
351	326
352	49
352	688
353	261
353	336
354	218
354	339
355	280
355	983
356	985
356	996
357	9
357	772
358	45
358	295
359	102
359	533
360	949
360	958
361	970
361	993
362	51
362	965
363	183
363	551
364	551
364	959
365	826
365	958
366	497
366	969
367	388
367	742
368	369
368	584
369	368
369	584
370	971
370	994
371	264
371	947
372	179
372	982
373	659
373	964
374	83
374	654
375	985
375	996
376	581
376	1000
377	345
377	993
378	67
378	770
379	967
379	993
380	684
380	980
381	383
381	980
382	445
382	959
383	381
383	980
384	991
384	992
385	109
385	982
386	994
386	995
387	991
387	992
388	367
388	657
389	36
389	275
390	307
390	533
391	504
391	980
392	120
392	177
393	994
393	995
394	962
394	971
395	67
395	811
396	937
396	940
397	472
397	772
398	127
398	795
399	239
399	982
400	344
400	763
401	136
401	189
401	210
402	110
402	475
402	965
403	205
403	416
403	682
404	568
404	687
404	849
405	557
405	994
405	995
406	79
406	519
406	704
407	663
407	895
407	954
408	68
408	504
408	980
409	14
409	191
409	303
410	160
410	431
410	566
411	684
411	926
411	933
412	86
412	776
412	874
413	974
413	991
413	992
414	208
414	344
414	474
415	283
415	624
415	705
416	125
416	403
416	682
417	436
417	546
417	979
418	458
418	598
418	822
419	688
419	975
419	981
420	972
420	988
420	996
421	773
421	900
421	998
422	978
422	984
422	1000
423	953
423	968
423	971
424	184
424	199
424	982
425	108
425	284
425	979
426	498
426	943
426	982
427	872
427	991
427	992
428	990
428	997
428	999
429	964
429	967
429	993
430	710
430	765
430	822
431	410
431	878
431	896
432	145
432	321
432	649
433	946
433	985
433	996
434	580
434	938
434	969
435	65
435	229
435	954
436	417
436	546
436	979
437	776
437	826
437	958
438	33
438	222
438	723
439	53
439	117
439	998
440	978
440	984
440	1000
441	631
441	964
441	993
442	967
442	970
442	993
443	500
443	994
443	995
444	974
444	991
444	992
445	382
445	516
445	959
446	798
446	834
446	959
447	124
447	320
447	998
448	452
448	984
448	1000
449	978
449	984
449	1000
450	724
450	766
450	843
451	953
451	968
451	971
452	448
452	984
452	1000
453	984
453	990
453	999
454	974
454	991
454	992
455	608
455	715
455	986
456	525
456	994
456	995
457	726
457	938
457	969
458	418
458	598
458	822
459	490
459	600
459	981
460	463
460	975
460	981
461	250
461	282
461	561
462	955
462	972
462	988
463	460
463	975
463	981
464	487
464	941
464	982
465	700
465	970
465	993
466	488
466	994
466	995
467	804
467	835
467	934
468	534
468	975
468	981
469	826
469	949
469	958
470	66
470	178
470	800
471	712
471	727
471	947
472	164
472	397
472	772
473	949
473	970
473	993
474	208
474	346
474	414
475	94
475	402
475	965
476	541
476	975
476	981
477	955
477	972
477	988
478	73
478	279
478	980
479	530
479	951
479	963
480	683
480	965
480	986
481	974
481	976
481	992
482	948
482	985
482	996
483	209
483	997
483	999
484	865
484	905
484	939
485	670
485	935
485	979
486	913
486	973
486	977
487	464
487	941
487	982
488	466
488	994
488	995
489	632
489	914
489	980
490	459
490	600
490	981
491	974
491	991
491	992
492	972
492	988
492	996
493	121
493	236
493	849
494	895
494	954
494	983
495	540
495	975
495	981
496	91
496	976
496	992
497	106
497	366
497	800
498	426
498	943
498	982
499	777
499	806
499	846
500	443
500	994
500	995
501	974
501	991
501	992
502	952
502	962
502	971
503	946
503	985
503	996
504	391
504	408
504	980
505	262
505	772
505	959
506	99
506	619
506	939
507	242
507	522
507	998
508	588
508	938
508	969
509	815
509	962
509	968
510	54
510	143
510	343
511	941
511	943
511	982
512	220
512	991
512	992
513	219
513	514
513	985
514	248
514	513
514	963
515	826
515	949
515	958
516	318
516	445
516	959
517	976
517	991
517	992
518	317
518	950
518	971
519	79
519	406
519	846
520	93
520	994
520	995
521	204
521	235
521	605
522	111
522	193
522	507
523	980
523	997
523	999
524	837
524	878
524	896
525	456
525	994
525	995
526	38
526	620
526	959
527	272
527	287
527	712
528	132
528	938
528	969
529	978
529	984
529	1000
530	479
530	951
530	963
531	990
531	997
531	999
532	900
532	937
532	940
533	359
533	390
533	706
534	468
534	975
534	981
535	917
535	961
535	975
536	575
536	739
536	808
537	974
537	991
537	992
538	560
538	620
538	969
539	990
539	997
539	999
540	495
540	975
540	981
541	476
541	975
541	981
542	88
542	706
542	1000
543	879
543	926
543	933
544	22
544	628
544	995
545	645
545	851
545	983
546	417
546	436
546	979
547	913
547	973
547	977
548	972
548	988
548	996
549	976
549	991
549	992
550	925
550	931
550	983
551	363
551	364
551	985
552	980
552	997
552	999
553	610
553	865
553	939
554	941
554	943
554	982
555	236
555	994
555	995
556	978
556	984
556	1000
557	405
557	994
557	995
558	848
558	937
558	940
559	71
559	585
559	617
560	538
560	620
560	969
561	282
561	461
561	821
562	888
562	997
562	999
563	955
563	972
563	988
564	716
564	788
564	931
565	955
565	972
565	988
566	49
566	160
566	410
567	964
567	967
567	993
568	404
568	687
568	849
569	40
569	47
569	596
570	170
570	266
570	799
571	181
571	286
571	293
572	865
572	905
572	939
573	913
573	929
573	973
574	974
574	991
574	992
575	536
575	739
575	808
576	26
576	150
576	281
577	882
577	964
577	967
578	223
578	609
578	697
579	61
579	265
579	824
580	434
580	965
580	986
581	226
581	376
581	1000
582	55
582	256
582	979
583	46
583	242
583	983
584	209
584	368
584	369
585	71
585	337
585	559
586	892
586	994
586	995
587	950
587	953
587	962
587	971
588	508
588	726
588	938
588	969
589	222
589	990
589	997
589	999
590	950
590	952
590	962
590	968
591	592
591	978
591	984
591	1000
592	591
592	978
592	984
592	1000
593	804
593	885
593	901
593	934
594	842
594	978
594	984
594	1000
595	893
595	915
595	967
595	970
596	40
596	47
596	98
596	569
597	848
597	900
597	937
597	940
598	418
598	458
598	710
598	822
599	10
599	87
599	105
599	295
600	459
600	490
600	731
600	981
601	76
601	207
601	796
601	985
602	922
602	927
602	935
602	979
603	31
603	724
603	766
603	843
604	879
604	926
604	951
604	963
605	74
605	162
605	521
605	982
606	96
606	277
606	617
606	788
607	743
607	795
607	906
607	954
608	297
608	455
608	715
608	986
609	223
609	578
609	697
609	940
610	553
610	865
610	905
610	939
611	701
611	941
611	943
611	982
612	741
612	936
612	949
612	958
613	718
613	873
613	903
613	966
614	974
614	976
614	991
614	992
615	989
615	990
615	997
615	999
616	946
616	948
616	985
616	996
617	277
617	559
617	606
617	788
618	151
618	835
618	934
618	945
619	99
619	285
619	506
619	939
620	526
620	538
620	560
620	969
621	884
621	961
621	975
621	981
622	778
622	922
622	937
622	940
623	659
623	665
623	679
623	998
624	21
624	283
624	415
624	979
625	837
625	856
625	878
625	896
626	695
626	750
626	994
626	995
627	683
627	867
627	965
627	986
628	22
628	328
628	544
628	995
629	989
629	990
629	997
629	999
630	950
630	952
630	953
630	962
631	441
631	900
631	937
631	940
632	489
632	639
632	914
632	980
633	81
633	95
633	107
633	138
634	873
634	925
634	966
634	983
635	701
635	941
635	943
635	982
636	837
636	856
636	878
636	896
637	946
637	948
637	985
637	996
638	194
638	248
638	249
638	963
639	7
639	632
639	914
639	980
640	695
640	750
640	994
640	995
641	29
641	713
641	926
641	933
642	884
642	889
642	975
642	981
643	753
643	777
643	806
643	846
644	881
644	946
644	985
644	996
645	545
645	771
645	851
645	983
646	944
646	976
646	991
646	992
647	681
647	798
647	834
647	959
648	796
648	978
648	984
648	1000
649	84
649	307
649	432
649	959
650	869
650	908
650	965
650	986
651	907
651	946
651	948
651	985
652	233
652	656
652	970
652	983
653	100
653	308
653	677
653	939
654	374
654	920
654	921
654	973
655	660
655	809
655	863
655	866
656	233
656	652
656	859
656	983
657	388
657	925
657	966
657	983
658	852
658	962
658	968
658	971
659	373
659	623
659	679
659	998
660	655
660	863
660	866
660	901
661	798
661	834
661	865
661	959
662	946
662	948
662	985
662	996
663	265
663	407
663	895
663	954
664	922
664	927
664	935
664	979
665	623
665	679
665	696
665	998
666	887
666	936
666	949
666	958
667	950
667	962
667	968
667	971
668	787
668	946
668	985
668	996
669	103
669	952
669	962
669	971
670	485
670	910
670	935
670	979
671	978
671	997
671	999
671	1000
672	964
672	967
672	970
672	993
673	932
673	978
673	984
673	1000
674	211
674	944
674	991
674	992
675	773
675	887
675	996
675	998
676	126
676	213
676	990
676	997
677	653
677	814
677	926
677	933
678	805
678	810
678	820
678	947
679	623
679	659
679	665
679	998
680	855
680	934
680	951
680	963
681	647
681	798
681	834
681	959
682	125
682	205
682	403
682	416
683	480
683	627
683	965
683	986
684	380
684	411
684	926
684	933
685	722
685	728
685	965
685	986
686	889
686	961
686	975
686	981
687	58
687	404
687	568
687	849
688	352
688	419
688	975
688	981
689	955
689	972
689	988
689	996
690	964
690	967
690	970
690	993
691	860
691	948
691	985
691	996
692	718
692	831
692	903
692	966
693	816
693	913
693	929
693	973
693	977
694	234
694	347
694	919
694	988
694	996
695	626
695	640
695	750
695	994
695	995
696	665
696	950
696	952
696	962
696	968
697	578
697	609
697	900
697	937
697	940
698	771
698	817
698	895
698	906
698	954
699	910
699	922
699	927
699	935
699	979
700	465
700	704
700	723
700	951
700	963
701	611
701	635
701	941
701	943
701	982
702	764
702	790
702	898
702	938
702	969
703	720
703	768
703	771
703	851
703	983
704	406
704	700
704	723
704	951
704	963
705	332
705	415
705	826
705	949
705	958
706	88
706	330
706	533
706	542
706	1000
707	809
707	863
707	866
707	885
707	901
708	894
708	912
708	918
708	928
708	986
709	719
709	845
709	855
709	951
709	963
710	430
710	598
710	765
710	822
710	849
711	803
711	909
711	925
711	966
711	983
712	342
712	471
712	527
712	727
712	947
713	157
713	341
713	641
713	926
713	933
714	740
714	780
714	942
714	957
714	998
715	455
715	608
715	717
715	918
715	986
716	564
716	944
716	974
716	976
716	992
717	715
717	832
717	908
717	965
717	986
718	613
718	692
718	836
718	903
718	966
719	709
719	845
719	855
719	951
719	963
720	703
720	768
720	851
720	925
720	983
721	950
721	953
721	962
721	971
721	982
722	329
722	685
722	912
722	918
722	986
723	438
723	700
723	704
723	951
723	963
724	450
724	603
724	766
724	843
724	921
725	944
725	974
725	976
725	991
725	992
726	457
726	588
726	825
726	938
726	969
727	80
727	471
727	712
727	943
727	947
728	5
728	685
728	844
728	965
728	986
729	305
729	984
729	997
729	999
729	1000
730	902
730	989
730	990
730	997
730	999
731	600
731	743
731	795
731	906
731	954
732	858
732	964
732	967
732	970
732	993
733	909
733	925
733	931
733	966
733	983
734	904
734	929
734	944
734	973
734	977
735	791
735	807
735	836
735	903
735	966
736	882
736	893
736	966
736	967
736	993
737	274
737	952
737	953
737	968
737	971
738	825
738	932
738	978
738	984
738	1000
739	27
739	323
739	536
739	575
739	808
740	714
740	780
740	785
740	957
740	998
741	612
741	779
741	936
741	949
741	958
742	367
742	913
742	929
742	973
742	977
743	607
743	731
743	795
743	906
743	954
744	899
744	920
744	921
744	929
744	973
745	890
745	932
745	978
745	984
745	1000
746	232
746	817
746	895
746	906
746	954
747	955
747	970
747	972
747	988
747	996
748	786
748	955
748	972
748	988
748	996
749	197
749	973
749	978
749	984
749	1000
750	626
750	640
750	695
750	994
750	995
751	872
751	876
751	941
751	943
751	982
752	881
752	955
752	972
752	988
752	996
753	643
753	765
753	777
753	806
753	846
754	883
754	891
754	902
754	994
754	995
755	915
755	967
755	970
755	988
755	993
756	856
756	896
756	898
756	909
756	931
756	983
757	904
757	920
757	921
757	929
757	973
757	977
758	767
758	864
758	880
758	914
758	960
758	980
759	790
759	881
759	955
759	972
759	988
759	996
760	793
760	910
760	922
760	927
760	935
760	979
761	769
761	932
761	978
761	984
761	999
761	1000
762	960
762	987
762	989
762	990
762	997
762	999
763	400
763	910
763	922
763	927
763	935
763	979
764	702
764	790
764	837
764	898
764	938
764	969
765	430
765	710
765	753
765	806
765	822
765	846
766	31
766	450
766	603
766	724
766	843
766	921
767	758
767	815
767	864
767	880
767	914
767	980
768	703
768	720
768	771
768	851
768	857
768	983
769	761
769	932
769	978
769	984
769	997
769	1000
770	378
770	815
770	864
770	880
770	914
770	980
771	645
771	698
771	703
771	768
771	851
771	983
772	9
772	164
772	357
772	397
772	472
772	505
773	421
773	675
773	887
773	957
773	996
773	998
774	789
774	792
774	814
774	926
774	933
774	972
775	864
775	950
775	953
775	962
775	968
775	971
776	86
776	340
776	412
776	437
776	874
776	958
777	290
777	499
777	643
777	753
777	806
777	846
778	622
778	818
778	848
778	900
778	937
778	940
779	289
779	741
779	794
779	936
779	949
779	958
780	714
780	740
780	829
780	942
780	957
780	998
781	884
781	889
781	930
781	961
781	975
781	981
782	803
782	807
782	836
782	903
782	931
782	966
783	805
783	820
783	821
783	824
783	941
783	947
784	840
784	910
784	922
784	927
784	935
784	979
785	740
785	881
785	955
785	972
785	988
785	996
786	748
786	955
786	967
786	972
786	988
786	996
787	668
787	881
787	955
787	972
787	988
787	996
788	96
788	118
788	564
788	606
788	617
788	931
789	774
789	792
789	814
789	926
789	933
789	972
790	702
790	759
790	764
790	898
790	938
790	969
791	735
791	803
791	807
791	836
791	903
791	966
792	774
792	789
792	814
792	883
792	926
792	933
793	760
793	910
793	922
793	927
793	935
793	979
794	39
794	289
794	779
794	936
794	949
794	958
795	398
795	607
795	731
795	743
795	906
795	954
796	76
796	601
796	648
796	978
796	984
796	1000
797	890
797	932
797	978
797	984
797	990
797	1000
798	446
798	647
798	661
798	681
798	834
798	959
799	570
799	829
799	924
799	930
799	942
799	957
799	998
800	66
800	106
800	470
800	497
800	952
800	968
800	971
801	888
801	897
801	930
801	942
801	957
801	961
801	998
802	853
802	871
802	907
802	946
802	948
802	985
802	996
803	711
803	782
803	791
803	807
803	836
803	903
803	966
804	467
804	593
804	835
804	855
804	885
804	901
804	934
805	678
805	783
805	810
805	820
805	821
805	824
805	947
806	499
806	643
806	753
806	765
806	777
806	822
806	846
807	735
807	782
807	791
807	803
807	836
807	903
807	966
808	536
808	575
808	739
808	989
808	990
808	997
808	999
809	655
809	707
809	863
809	866
809	885
809	901
809	928
810	141
810	678
810	805
810	820
810	821
810	824
810	947
811	395
811	950
811	952
811	953
811	962
811	968
811	971
812	819
812	890
812	932
812	978
812	984
812	992
812	1000
813	934
813	951
813	963
813	974
813	976
813	977
813	991
814	59
814	677
814	774
814	789
814	792
814	926
814	933
815	509
815	767
815	770
815	864
815	880
815	914
815	980
816	693
816	944
816	974
816	976
816	977
816	991
816	992
817	698
817	746
817	877
817	880
817	895
817	906
817	954
818	276
818	333
818	778
818	848
818	900
818	937
818	940
819	812
819	890
819	932
819	978
819	984
819	992
819	1000
820	678
820	783
820	805
820	810
820	821
820	824
820	947
821	561
821	783
821	805
821	810
821	820
821	824
821	947
822	418
822	430
822	458
822	598
822	710
822	765
822	806
823	841
823	883
823	891
823	892
823	902
823	994
823	995
824	579
824	783
824	805
824	810
824	820
824	821
824	947
825	726
825	738
825	890
825	932
825	978
825	984
825	1000
826	365
826	437
826	469
826	515
826	705
826	949
826	958
827	876
827	960
827	987
827	989
827	990
827	997
827	999
828	847
828	885
828	894
828	912
828	918
828	928
828	986
829	780
829	799
829	924
829	930
829	942
829	957
829	998
830	883
830	891
830	892
830	902
830	989
830	994
830	995
831	692
831	857
831	873
831	909
831	925
831	931
831	966
832	717
832	838
832	844
832	869
832	908
832	918
832	965
832	986
833	847
833	854
833	894
833	911
833	912
833	918
833	928
833	986
834	123
834	240
834	446
834	647
834	661
834	681
834	798
834	959
835	18
835	151
835	224
835	467
835	618
835	804
835	934
835	945
836	718
836	735
836	782
836	791
836	803
836	807
836	903
836	966
837	524
837	625
837	636
837	764
837	856
837	878
837	896
837	898
838	832
838	844
838	869
838	908
838	911
838	965
838	986
838	993
839	849
839	858
839	860
839	872
839	876
839	941
839	943
839	982
840	784
840	956
840	960
840	987
840	989
840	990
840	997
840	999
841	823
841	883
841	891
841	892
841	902
841	971
841	994
841	995
842	594
842	964
842	967
842	978
842	984
842	987
842	993
842	1000
843	450
843	603
843	724
843	766
843	920
843	921
843	929
843	973
844	728
844	832
844	838
844	869
844	908
844	928
844	965
844	986
845	709
845	719
845	855
845	879
845	933
845	934
845	951
845	963
846	290
846	499
846	519
846	643
846	753
846	765
846	777
846	806
847	828
847	833
847	854
847	894
847	912
847	918
847	928
847	986
848	558
848	597
848	778
848	818
848	900
848	937
848	940
848	956
849	58
849	121
849	404
849	493
849	568
849	687
849	710
849	839
850	271
850	916
850	944
850	974
850	976
850	977
850	991
850	992
851	545
851	645
851	703
851	720
851	768
851	771
851	925
851	983
852	658
852	950
852	952
852	953
852	962
852	968
852	971
852	994
853	802
853	871
853	907
853	946
853	948
853	985
853	995
853	996
854	833
854	847
854	869
854	894
854	912
854	918
854	928
854	986
855	680
855	709
855	719
855	804
855	845
855	934
855	951
855	963
856	625
856	636
856	756
856	837
856	878
856	896
856	898
856	969
857	768
857	831
857	873
857	909
857	925
857	931
857	966
857	983
858	732
858	839
858	860
858	872
858	876
858	941
858	943
858	982
859	656
859	956
859	960
859	987
859	989
859	990
859	997
859	999
860	691
860	839
860	858
860	872
860	876
860	941
860	943
860	982
861	870
861	917
861	924
861	930
861	942
861	957
861	991
861	998
862	956
862	960
862	987
862	989
862	990
862	997
862	999
862	1000
863	655
863	660
863	707
863	809
863	866
863	885
863	901
863	928
864	758
864	767
864	770
864	775
864	815
864	877
864	880
864	914
864	980
865	104
865	195
865	484
865	553
865	572
865	610
865	661
865	905
865	939
866	655
866	660
866	707
866	809
866	863
866	885
866	901
866	912
866	928
867	627
867	945
867	956
867	960
867	987
867	989
867	990
867	997
867	999
868	886
868	916
868	944
868	973
868	974
868	976
868	977
868	991
868	992
869	650
869	832
869	838
869	844
869	854
869	908
869	911
869	965
869	986
870	861
870	917
870	924
870	930
870	942
870	957
870	961
870	991
870	998
871	802
871	853
871	907
871	936
871	946
871	948
871	985
871	995
871	996
872	427
872	751
872	839
872	858
872	860
872	876
872	941
872	943
872	982
873	613
873	634
873	831
873	857
873	909
873	925
873	931
873	966
873	983
874	312
874	340
874	412
874	776
874	904
874	920
874	958
874	973
874	977
875	884
875	889
875	897
875	922
875	927
875	935
875	961
875	979
875	981
876	751
876	827
876	839
876	858
876	860
876	872
876	941
876	943
876	982
877	817
877	864
877	880
877	895
877	906
877	914
877	954
877	980
877	983
878	431
878	524
878	625
878	636
878	837
878	856
878	896
878	898
878	969
879	37
879	198
879	543
879	604
879	845
879	926
879	933
879	951
879	963
880	758
880	767
880	770
880	815
880	817
880	864
880	877
880	914
880	980
881	644
881	752
881	759
881	785
881	787
881	955
881	972
881	988
881	996
882	577
882	736
882	893
882	915
882	964
882	966
882	967
882	970
882	993
883	754
883	792
883	823
883	830
883	841
883	891
883	892
883	902
883	994
883	995
884	621
884	642
884	781
884	875
884	889
884	905
884	935
884	961
884	975
884	981
885	593
885	707
885	804
885	809
885	828
885	863
885	866
885	901
885	928
885	934
886	868
886	904
886	916
886	944
886	974
886	976
886	977
886	991
886	992
887	666
887	675
887	773
887	907
887	936
887	948
887	957
887	985
887	996
887	998
888	562
888	801
888	897
888	917
888	924
888	930
888	942
888	957
888	961
888	998
889	642
889	686
889	781
889	875
889	884
889	905
889	961
889	975
889	979
889	981
890	745
890	797
890	812
890	819
890	825
890	932
890	978
890	984
890	992
890	1000
891	754
891	823
891	830
891	841
891	883
891	892
891	902
891	989
891	994
891	995
892	586
892	823
892	830
892	841
892	883
892	891
892	902
892	989
892	994
892	995
893	595
893	736
893	882
893	911
893	915
893	964
893	966
893	967
893	970
893	993
894	708
894	828
894	833
894	847
894	854
894	901
894	912
894	918
894	928
894	986
895	407
895	494
895	663
895	698
895	746
895	817
895	877
895	906
895	954
895	983
896	431
896	524
896	625
896	636
896	756
896	837
896	856
896	878
896	898
896	969
897	801
897	875
897	888
897	917
897	924
897	930
897	942
897	957
897	961
897	998
898	702
898	756
898	764
898	790
898	837
898	856
898	878
898	896
898	909
898	938
898	969
899	744
899	919
899	923
899	945
899	956
899	960
899	987
899	989
899	990
899	997
899	999
900	221
900	421
900	532
900	597
900	631
900	697
900	778
900	818
900	848
900	937
900	940
901	593
901	660
901	707
901	804
901	809
901	863
901	866
901	885
901	894
901	928
901	934
902	730
902	754
902	823
902	830
902	841
902	883
902	891
902	892
902	989
902	994
902	995
903	613
903	692
903	718
903	735
903	782
903	791
903	803
903	807
903	836
903	931
903	966
904	734
904	757
904	874
904	886
904	913
904	920
904	921
904	929
904	973
904	974
904	977
905	484
905	572
905	610
905	865
905	884
905	889
905	939
905	942
905	961
905	975
905	981
906	259
906	607
906	698
906	731
906	743
906	746
906	795
906	817
906	877
906	895
906	954
907	651
907	802
907	853
907	871
907	887
907	936
907	946
907	948
907	985
907	996
907	998
908	650
908	717
908	832
908	838
908	844
908	869
908	911
908	964
908	965
908	986
908	993
909	711
909	733
909	756
909	831
909	857
909	873
909	898
909	925
909	931
909	966
909	983
910	299
910	670
910	699
910	760
910	763
910	784
910	793
910	922
910	927
910	935
910	979
911	833
911	838
911	869
911	893
911	908
911	964
911	965
911	967
911	970
911	986
911	993
912	708
912	722
912	828
912	833
912	847
912	854
912	866
912	894
912	918
912	928
912	986
913	486
913	547
913	573
913	693
913	742
913	904
913	916
913	920
913	921
913	929
913	973
913	977
914	489
914	632
914	639
914	758
914	767
914	770
914	815
914	864
914	877
914	880
914	954
914	980
915	134
915	176
915	182
915	595
915	755
915	882
915	893
915	964
915	967
915	970
915	988
915	993
916	850
916	868
916	886
916	913
916	944
916	974
916	976
916	977
916	991
916	992
917	535
917	861
917	870
917	888
917	897
917	924
917	930
917	942
917	957
917	961
917	975
917	998
918	708
918	715
918	722
918	828
918	832
918	833
918	847
918	854
918	894
918	912
918	928
918	986
919	694
919	899
919	923
919	945
919	956
919	960
919	987
919	989
919	990
919	997
919	999
920	312
920	654
920	744
920	757
920	843
920	874
920	904
920	913
920	921
920	929
920	973
920	977
921	654
921	724
921	744
921	757
921	766
921	843
921	904
921	913
921	920
921	929
921	973
921	977
922	602
922	622
922	664
922	699
922	760
922	763
922	784
922	793
922	875
922	910
922	927
922	935
922	979
923	281
923	899
923	919
923	945
923	956
923	960
923	987
923	989
923	990
923	997
923	999
924	799
924	829
924	861
924	870
924	888
924	897
924	917
924	930
924	942
924	957
924	961
924	991
924	998
925	550
925	634
925	657
925	711
925	720
925	733
925	831
925	851
925	857
925	873
925	909
925	931
925	966
925	983
926	228
926	411
926	543
926	604
926	641
926	677
926	684
926	713
926	774
926	789
926	792
926	814
926	879
926	933
927	602
927	664
927	699
927	760
927	763
927	784
927	793
927	875
927	910
927	922
927	935
927	961
927	979
927	981
928	708
928	809
928	828
928	833
928	844
928	847
928	854
928	863
928	866
928	885
928	894
928	901
928	912
928	918
928	986
929	573
929	693
929	734
929	742
929	744
929	757
929	843
929	904
929	913
929	920
929	921
929	944
929	973
929	974
929	977
930	781
930	799
930	801
930	829
930	861
930	870
930	888
930	897
930	917
930	924
930	942
930	957
930	961
930	975
930	998
931	118
931	550
931	564
931	733
931	756
931	782
931	788
931	831
931	857
931	873
931	903
931	909
931	925
931	966
931	983
932	50
932	673
932	738
932	745
932	761
932	769
932	797
932	812
932	819
932	825
932	890
932	978
932	984
932	992
932	1000
933	110
933	228
933	411
933	543
933	641
933	677
933	684
933	713
933	774
933	789
933	792
933	814
933	845
933	879
933	926
934	467
934	593
934	618
934	680
934	804
934	813
934	835
934	845
934	855
934	885
934	901
934	951
934	963
934	976
934	977
935	485
935	602
935	664
935	670
935	699
935	760
935	763
935	784
935	793
935	875
935	884
935	910
935	922
935	927
935	979
935	981
936	39
936	612
936	666
936	741
936	779
936	794
936	871
936	887
936	907
936	946
936	948
936	949
936	958
936	985
936	996
936	998
937	24
937	32
937	327
937	396
937	532
937	558
937	597
937	622
937	631
937	697
937	778
937	818
937	848
937	900
937	940
937	956
938	56
938	132
938	144
938	149
938	258
938	434
938	457
938	508
938	528
938	588
938	702
938	726
938	764
938	790
938	898
938	969
939	12
939	100
939	104
939	168
939	195
939	285
939	308
939	484
939	506
939	553
939	572
939	610
939	619
939	653
939	865
939	905
940	24
940	32
940	221
940	327
940	396
940	532
940	558
940	597
940	609
940	622
940	631
940	697
940	778
940	818
940	848
940	900
940	937
941	464
941	487
941	511
941	554
941	611
941	635
941	701
941	751
941	783
941	839
941	858
941	860
941	872
941	876
941	943
941	947
941	982
942	714
942	780
942	799
942	801
942	829
942	861
942	870
942	888
942	897
942	905
942	917
942	924
942	930
942	957
942	961
942	975
942	998
943	426
943	498
943	511
943	554
943	611
943	635
943	701
943	727
943	751
943	839
943	858
943	860
943	872
943	876
943	941
943	947
943	982
944	245
944	646
944	674
944	716
944	725
944	734
944	816
944	850
944	868
944	886
944	916
944	929
944	974
944	976
944	977
944	991
944	992
945	618
945	835
945	867
945	899
945	919
945	923
945	956
945	960
945	987
945	989
945	990
945	997
945	999
946	433
946	503
946	616
946	637
946	644
946	651
946	662
946	668
946	802
946	853
946	871
946	907
946	936
946	948
946	985
946	995
946	996
947	80
947	141
947	264
947	342
947	371
947	471
947	678
947	712
947	727
947	783
947	805
947	810
947	820
947	821
947	824
947	941
947	943
948	137
948	482
948	616
948	637
948	651
948	662
948	691
948	802
948	853
948	871
948	887
948	907
948	936
948	946
948	985
948	996
948	998
949	171
949	215
949	291
949	300
949	302
949	360
949	469
949	473
949	515
949	612
949	666
949	705
949	741
949	779
949	794
949	826
949	936
949	958
950	152
950	518
950	587
950	590
950	630
950	667
950	696
950	721
950	775
950	811
950	852
950	952
950	953
950	962
950	968
950	971
950	982
950	994
951	238
951	479
951	530
951	604
951	680
951	700
951	704
951	709
951	719
951	723
951	813
951	845
951	855
951	879
951	934
951	963
951	976
951	977
952	72
952	175
952	200
952	296
952	502
952	590
952	630
952	669
952	696
952	737
952	800
952	811
952	852
952	950
952	953
952	962
952	968
952	971
952	994
953	70
953	152
953	267
953	270
953	423
953	451
953	587
953	630
953	721
953	737
953	775
953	811
953	852
953	950
953	952
953	962
953	968
953	971
953	982
954	2
954	244
954	259
954	407
954	435
954	494
954	607
954	663
954	698
954	731
954	743
954	746
954	795
954	817
954	877
954	895
954	906
954	914
954	983
955	35
955	202
955	462
955	477
955	563
955	565
955	689
955	747
955	748
955	752
955	759
955	785
955	786
955	787
955	881
955	967
955	970
955	972
955	988
955	996
956	840
956	848
956	859
956	862
956	867
956	899
956	919
956	923
956	937
956	945
956	960
956	987
956	989
956	990
956	997
956	999
957	714
957	740
957	773
957	780
957	799
957	801
957	829
957	861
957	870
957	887
957	888
957	897
957	917
957	924
957	930
957	942
957	961
957	985
957	996
957	998
958	102
958	215
958	291
958	300
958	332
958	360
958	365
958	437
958	469
958	515
958	612
958	666
958	705
958	741
958	776
958	779
958	794
958	826
958	874
958	936
958	949
959	20
959	38
959	41
959	84
959	154
959	240
959	262
959	318
959	364
959	382
959	445
959	446
959	505
959	516
959	526
959	647
959	649
959	661
959	681
959	798
959	834
960	758
960	762
960	827
960	840
960	859
960	862
960	867
960	899
960	919
960	923
960	945
960	956
960	980
960	987
960	989
960	990
960	997
960	999
961	535
961	621
961	686
961	781
961	801
961	870
961	875
961	884
961	888
961	889
961	897
961	905
961	917
961	924
961	927
961	930
961	942
961	957
961	975
961	979
961	981
961	998
962	270
962	278
962	394
962	502
962	509
962	587
962	590
962	630
962	658
962	667
962	669
962	696
962	721
962	775
962	811
962	852
962	950
962	952
962	953
962	968
962	971
962	994
963	194
963	238
963	249
963	479
963	514
963	530
963	604
963	638
963	680
963	700
963	704
963	709
963	719
963	723
963	813
963	845
963	855
963	879
963	934
963	951
963	976
963	977
963	991
964	123
964	201
964	324
964	349
964	373
964	429
964	441
964	567
964	577
964	672
964	690
964	732
964	842
964	882
964	893
964	908
964	911
964	915
964	965
964	967
964	970
964	986
964	993
965	94
965	203
965	226
965	362
965	402
965	475
965	480
965	580
965	627
965	650
965	683
965	685
965	717
965	728
965	832
965	838
965	844
965	869
965	908
965	911
965	964
965	986
965	993
966	613
966	634
966	657
966	692
966	711
966	718
966	733
966	735
966	736
966	782
966	791
966	803
966	807
966	831
966	836
966	857
966	873
966	882
966	893
966	903
966	909
966	925
966	931
966	983
967	237
967	325
967	379
967	429
967	442
967	567
967	577
967	595
967	672
967	690
967	732
967	736
967	755
967	786
967	842
967	882
967	893
967	911
967	915
967	955
967	964
967	970
967	988
967	993
968	42
968	70
968	175
968	257
968	263
968	267
968	296
968	423
968	451
968	509
968	590
968	658
968	667
968	696
968	737
968	775
968	800
968	811
968	852
968	950
968	952
968	953
968	962
968	971
969	56
969	75
969	144
969	149
969	258
969	260
969	366
969	434
969	457
969	508
969	528
969	538
969	560
969	588
969	620
969	702
969	726
969	764
969	790
969	856
969	878
969	896
969	898
969	938
970	30
970	97
970	192
970	348
970	361
970	442
970	465
970	473
970	595
970	652
970	672
970	690
970	732
970	747
970	755
970	882
970	893
970	911
970	915
970	955
970	964
970	967
970	988
970	993
971	257
971	370
971	394
971	423
971	451
971	502
971	518
971	587
971	658
971	667
971	669
971	721
971	737
971	775
971	800
971	811
971	841
971	852
971	950
971	952
971	953
971	962
971	968
971	994
972	113
972	122
972	196
972	420
972	462
972	477
972	492
972	548
972	563
972	565
972	689
972	747
972	748
972	752
972	759
972	774
972	785
972	786
972	787
972	789
972	881
972	955
972	988
972	996
973	15
973	34
973	43
973	197
973	313
973	486
973	547
973	573
973	654
973	693
973	734
973	742
973	744
973	749
973	757
973	843
973	868
973	874
973	904
973	913
973	920
973	921
973	929
973	974
973	977
974	413
974	444
974	454
974	481
974	491
974	501
974	537
974	574
974	614
974	716
974	725
974	813
974	816
974	850
974	868
974	886
974	904
974	916
974	929
974	944
974	973
974	976
974	977
974	991
974	992
975	64
975	77
975	165
975	174
975	419
975	460
975	463
975	468
975	476
975	495
975	534
975	535
975	540
975	541
975	621
975	642
975	686
975	688
975	781
975	884
975	889
975	905
975	917
975	930
975	942
975	961
975	981
976	17
976	57
976	131
976	167
976	245
976	481
976	496
976	517
976	549
976	614
976	646
976	716
976	725
976	813
976	816
976	850
976	868
976	886
976	916
976	934
976	944
976	951
976	963
976	974
976	977
976	991
976	992
977	486
977	547
977	693
977	734
977	742
977	757
977	813
977	816
977	850
977	868
977	874
977	886
977	904
977	913
977	916
977	920
977	921
977	929
977	934
977	944
977	951
977	963
977	973
977	974
977	976
977	991
977	992
978	422
978	440
978	449
978	529
978	556
978	591
978	592
978	594
978	648
978	671
978	673
978	738
978	745
978	749
978	761
978	769
978	796
978	797
978	812
978	819
978	825
978	842
978	890
978	932
978	984
978	987
978	997
978	999
978	1000
979	21
979	108
979	114
979	129
979	217
979	256
979	316
979	417
979	425
979	436
979	485
979	546
979	582
979	602
979	624
979	664
979	670
979	699
979	760
979	763
979	784
979	793
979	875
979	889
979	910
979	922
979	927
979	935
979	961
979	981
980	1
980	68
980	73
980	161
980	252
980	269
980	322
980	380
980	381
980	383
980	391
980	408
980	478
980	489
980	504
980	523
980	552
980	632
980	639
980	758
980	767
980	770
980	815
980	864
980	877
980	880
980	914
980	960
980	997
980	999
981	64
981	77
981	165
981	174
981	419
981	459
981	460
981	463
981	468
981	476
981	490
981	495
981	534
981	540
981	541
981	600
981	621
981	642
981	686
981	688
981	781
981	875
981	884
981	889
981	905
981	927
981	935
981	961
981	975
981	979
982	74
982	109
982	184
982	199
982	239
982	372
982	385
982	399
982	424
982	426
982	464
982	487
982	498
982	511
982	554
982	605
982	611
982	635
982	701
982	721
982	751
982	839
982	858
982	860
982	872
982	876
982	941
982	943
982	950
982	953
983	46
983	52
983	280
983	304
983	355
983	494
983	545
983	550
983	583
983	634
983	645
983	652
983	656
983	657
983	703
983	711
983	720
983	733
983	756
983	768
983	771
983	851
983	857
983	873
983	877
983	895
983	909
983	925
983	931
983	954
983	966
984	172
984	422
984	440
984	448
984	449
984	452
984	453
984	529
984	556
984	591
984	592
984	594
984	648
984	673
984	729
984	738
984	745
984	749
984	761
984	769
984	796
984	797
984	812
984	819
984	825
984	842
984	890
984	932
984	978
984	990
984	997
984	999
984	1000
985	62
985	137
985	185
985	207
985	219
985	246
985	356
985	375
985	433
985	482
985	503
985	513
985	551
985	601
985	616
985	637
985	644
985	651
985	662
985	668
985	691
985	802
985	853
985	871
985	887
985	907
985	936
985	946
985	948
985	957
985	995
985	996
985	998
986	203
986	297
986	329
986	455
986	480
986	580
986	608
986	627
986	650
986	683
986	685
986	708
986	715
986	717
986	722
986	728
986	828
986	832
986	833
986	838
986	844
986	847
986	854
986	869
986	894
986	908
986	911
986	912
986	918
986	928
986	964
986	965
986	993
987	762
987	827
987	840
987	842
987	859
987	862
987	867
987	899
987	919
987	923
987	945
987	956
987	960
987	978
987	989
987	990
987	997
987	999
987	1000
988	3
988	5
988	35
988	101
988	113
988	122
988	139
988	163
988	169
988	196
988	202
988	341
988	420
988	462
988	477
988	492
988	548
988	563
988	565
988	689
988	694
988	747
988	748
988	752
988	755
988	759
988	785
988	786
988	787
988	881
988	915
988	955
988	967
988	970
988	972
988	996
989	615
989	629
989	730
989	762
989	808
989	827
989	830
989	840
989	859
989	862
989	867
989	891
989	892
989	899
989	902
989	919
989	923
989	945
989	956
989	960
989	987
989	990
989	997
989	999
990	11
990	60
990	85
990	140
990	159
990	243
990	294
990	338
990	428
990	453
990	531
990	539
990	589
990	615
990	629
990	676
990	730
990	762
990	797
990	808
990	827
990	840
990	859
990	862
990	867
990	899
990	919
990	923
990	945
990	956
990	960
990	984
990	987
990	989
990	997
990	999
990	1000
991	17
991	28
991	44
991	167
991	251
991	321
991	328
991	384
991	387
991	413
991	427
991	444
991	454
991	491
991	501
991	512
991	517
991	537
991	549
991	574
991	614
991	646
991	674
991	725
991	813
991	816
991	850
991	861
991	868
991	870
991	886
991	916
991	924
991	944
991	963
991	974
991	976
991	977
991	992
992	28
992	44
992	50
992	131
992	178
992	251
992	384
992	387
992	413
992	427
992	444
992	454
992	481
992	491
992	496
992	501
992	512
992	517
992	537
992	549
992	574
992	614
992	646
992	674
992	716
992	725
992	812
992	816
992	819
992	850
992	868
992	886
992	890
992	916
992	932
992	944
992	974
992	976
992	977
992	991
993	30
993	116
993	134
993	166
993	176
993	182
993	192
993	201
993	237
993	324
993	325
993	345
993	348
993	349
993	361
993	377
993	379
993	429
993	441
993	442
993	465
993	473
993	567
993	672
993	690
993	732
993	736
993	755
993	838
993	842
993	882
993	893
993	908
993	911
993	915
993	964
993	965
993	967
993	970
993	986
994	16
994	78
994	93
994	130
994	142
994	158
994	225
994	278
994	292
994	370
994	386
994	393
994	405
994	443
994	456
994	466
994	488
994	500
994	520
994	525
994	555
994	557
994	586
994	626
994	640
994	695
994	750
994	754
994	823
994	830
994	841
994	852
994	883
994	891
994	892
994	902
994	950
994	952
994	962
994	971
994	995
995	16
995	57
995	78
995	91
995	130
995	142
995	146
995	158
995	225
995	292
995	386
995	393
995	405
995	443
995	456
995	466
995	488
995	500
995	520
995	525
995	544
995	555
995	557
995	586
995	626
995	628
995	640
995	695
995	750
995	754
995	823
995	830
995	841
995	853
995	871
995	883
995	891
995	892
995	902
995	946
995	985
995	994
996	3
996	101
996	169
996	356
996	375
996	420
996	433
996	482
996	492
996	503
996	548
996	616
996	637
996	644
996	662
996	668
996	675
996	689
996	691
996	694
996	747
996	748
996	752
996	759
996	773
996	785
996	786
996	787
996	802
996	853
996	871
996	881
996	887
996	907
996	936
996	946
996	948
996	955
996	957
996	972
996	985
996	988
996	998
997	60
997	85
997	148
997	159
997	188
997	243
997	294
997	428
997	483
997	523
997	531
997	539
997	552
997	562
997	589
997	615
997	629
997	671
997	676
997	729
997	730
997	762
997	769
997	808
997	827
997	840
997	859
997	862
997	867
997	899
997	919
997	923
997	945
997	956
997	960
997	978
997	980
997	984
997	987
997	989
997	990
997	999
997	1000
998	4
998	53
998	89
998	117
998	124
998	145
998	153
998	155
998	206
998	320
998	335
998	421
998	439
998	447
998	507
998	623
998	659
998	665
998	675
998	679
998	714
998	740
998	773
998	780
998	799
998	801
998	829
998	861
998	870
998	887
998	888
998	897
998	907
998	917
998	924
998	930
998	936
998	942
998	948
998	957
998	961
998	985
998	996
999	11
999	133
999	140
999	148
999	188
999	232
999	338
999	428
999	453
999	483
999	523
999	531
999	539
999	552
999	562
999	589
999	615
999	629
999	671
999	729
999	730
999	761
999	762
999	808
999	827
999	840
999	859
999	862
999	867
999	899
999	919
999	923
999	945
999	956
999	960
999	978
999	980
999	984
999	987
999	989
999	990
999	997
999	1000
1000	8
1000	172
1000	255
1000	268
1000	330
1000	331
1000	376
1000	422
1000	440
1000	448
1000	449
1000	452
1000	529
1000	542
1000	556
1000	581
1000	591
1000	592
1000	594
1000	648
1000	671
1000	673
1000	706
1000	729
1000	738
1000	745
1000	749
1000	761
1000	769
1000	796
1000	797
1000	812
1000	819
1000	825
1000	842
1000	862
1000	890
1000	932
1000	978
1000	984
1000	987
1000	990
1000	997
1000	999
