6125 8278 8589 2989 5134 414 7587 5467 8452 1052 9459 9991 4553 8420 1403 6512 7774 5705 9858 3722 1318 8818 6480 9553 7975 8280 5642 9747 6515 5541 3582 7702 5575 5138 8078 1813 1 2320 8566 6241 6660 6201 2071 6260 3634 3436 8152 7989 1679 788 6108 
8899 2608 6019 9569 5564 4653 866 4711 6939 7279 9803 9256 3811 6859 2318 7242 2067 5706 4888 9689 7649 5679 556 4487 8816 7894 3575 6875 6662 8566 2195 1443 8753 2369 2788 4330 7754 9241 1038 569 420 5968 2109 5957 5960 9751 600 9576 7986 7884 8696 770 9898 8236 8136 8847 4334 3125 2907 563 6296 857 845 1045 6234 413 8492 2269 7800 1482 4416 5704 1567 1814 4866 8869 9595 4759 1401 3048 1189 7944 594 8833 3301 786 7606 6115 2101 25 354 9022 1772 9103 4784 3462 4280 4131 6769 9180 8579 2234 4531 2415 3062 3643 8023 1190 5146 8226 9897 4610 4061 7239 5626 6315 9206 377 9250 9967 367 43 3439 3723 4712 8811 2389 8687 7046 8608 2624 8671 2760 1798 8320 1674 
6143 9574 8453 2023 2549 9609 8804 6053 8535 5855 6363 8591 8879 234 884 9489 7228 8420 6075 9858 99 2679 4984 4684 6005 2009 4245 830 7829 1240 8405 1087 9625 753 6064 5479 2397 1763 1162 960 6846 94 421 9686 2653 1966 6491 4505 4039 7386 1358 2647 1888 
7596 7622 935 1580 4966 3538 3972 897 678 5938 9586 9320 4951 1143 4108 1471 3010 5573 1034 7923 1435 6976 304 4765 6111 2377 2926 8906 8553 8379 4091 3494 5091 2387 3703 5367 2791 4942 3770 5000 4965 5136 1595 98 5734 5716 2383 745 2353 5411 5761 8516 9908 6025 8853 7510 1697 1856 2430 6131 4753 1757 6510 7053 8590 9135 7717 7179 2803 5508 5339 1479 5075 5272 2 3843 6908 146 9018 
8442 4348 6252 3868 9936 7485 4220 1976 5851 3980 5335 8710 7348 9116 9822 8968 7827 3188 9649 1516 9815 2778 4025 9134 3896 9054 506 3973 7703 9964 1656 6039 8264 5384 3 659 1682 6067 9541 664 3451 9331 9005 8554 1765 6109 5742 8800 8138 6138 1643 5203 6761 5521 1124 3792 9511 537 7361 379 265 9430 1392 905 8043 1453 7864 5663 4239 4813 9679 4739 3998 6832 8234 6516 9175 264 338 1000 3720 8340 1710 7484 9786 8230 4255 429 5229 3940 66 9925 260 2940 3457 7367 7013 5292 4192 5334 1346 329 3476 4294 2038 7318 993 1042 2126 242 3425 6348 4500 9554 3955 3313 2642 9412 8725 3403 3233 282 1883 1647 2771 423 6319 1590 6062 5526 8987 7330 4394 875 6807 5639 7625 1823 6487 7097 9671 4072 4829 765 5294 7820 6841 8085 5208 9939 792 9910 473 838 8327 4408 1369 6525 9184 4622 1542 9034 
687 8643 6019 7740 6384 6382 8130 235 4164 1645 1553 9706 7532 3355 6373 6219 1384 6157 9919 3704 947 524 384 7358 3433 705 9736 2472 8650 2612 3873 6109 8641 6710 3664 4635 5555 3131 7548 5427 9578 4580 6090 6636 6966 909 2119 7998 7152 6402 9468 2441 3523 2600 2039 5474 7843 6988 9328 5065 4344 1070 8694 7208 8702 7943 1430 6687 938 5416 2255 9115 4719 387 8241 6068 2729 8623 8900 9286 526 6612 4069 832 5135 3175 7542 4431 5956 3151 2622 3428 5606 5700 841 2165 6063 1978 9086 8425 6948 8319 5224 5205 9390 1627 9797 3180 3573 1748 2298 6130 5859 2129 1980 6870 469 736 1569 1014 9626 8187 3504 3091 8386 1898 2409 6935 1354 1413 3220 1286 1808 4810 882 8744 3366 5043 1543 5477 8542 5643 8895 5781 1317 2253 5495 771 9435 1183 2232 2714 453 6742 8862 7369 482 9935 9567 4080 7657 4151 9052 3509 9939 236 5066 1031 6587 9720 1301 3401 39 4675 6555 3385 9862 4057 9697 3889 8904 3883 6445 9398 3460 5852 8970 
2144 2065 3937 5211 2314 8629 9273 3697 7304 2594 8112 2546 6647 5644 4803 2073 8392 6985 5276 1305 7984 509 6119 8960 8424 7313 1759 9372 327 2955 6538 11 1780 7770 5583 8910 6927 7319 6295 5698 5177 3502 6282 8283 4302 6943 9316 3720 5634 266 9065 9934 6564 1969 3444 4632 8885 4830 6668 6689 5026 5732 5931 702 4384 8905 1282 6551 1303 4 5192 3631 459 2394 8132 9662 7314 9931 1278 6810 6576 6748 9534 4999 1641 3658 2461 8017 5552 6808 492 8656 6501 8228 4120 3680 4021 
8599 5926 6757 6176 1687 3649 6369 6773 9108 4969 52 4852 4132 4752 5941 8204 2781 4817 2228 3905 6205 3268 1015 4833 2788 3616 5900 359 4399 5795 347 8269 7297 6546 8175 7674 4056 6088 5064 206 4501 6481 6076 2187 6424 353 4390 9071 7574 8060 5950 903 592 5296 2928 9521 6851 1332 7801 2883 4830 5156 440 5517 5682 6562 8658 5392 5264 8155 7659 7016 8090 7936 4181 7537 4582 3220 7337 4763 5093 8172 854 1920 4352 2533 8895 1600 9924 893 6321 3446 3116 3352 9492 2335 801 7681 4022 6291 5383 5041 2194 7660 2937 7168 9159 9560 632 6452 277 1753 3211 6014 9107 
8925 9589 2804 1716 6250 5566 7344 5875 7324 1645 8240 5370 3881 9731 3609 1117 1012 3208 1173 3837 8178 6805 5090 5896 7640 6658 8776 3358 4177 744 984 456 9228 860 8357 6100 6889 4783 3396 9655 9417 8071 733 7542 6374 9521 406 2031 6310 3608 1243 9366 4193 9443 8537 6825 2489 355 8865 1721 3736 5560 6378 8713 3911 6578 2392 6496 3416 6034 3791 8541 6 7808 3994 5172 619 5529 1132 6224 1386 9450 8563 8534 5238 539 5675 6585 5915 6257 8119 8317 6338 1941 8309 1965 5425 5955 8904 9915 2658 2486 
4677 6613 9931 9257 578 616 4394 1558 3316 9599 1150 7813 2383 2959 2209 6268 7287 3295 4132 7541 3117 6498 9208 4026 3319 7632 4384 719 2511 289 1366 2249 2055 1724 3184 6683 5126 5920 997 4592 2829 6096 4599 6899 404 929 4134 8771 6231 1228 3200 6117 4733 9722 7925 4377 8974 
3206 2805 5951 6730 2337 5397 8238 4987 2332 5460 1174 4720 1805 7471 5641 4461 9116 8510 7456 9564 8624 979 7391 3282 8053 9721 827 3505 1343 3828 4615 9607 3447 3266 7393 3072 2587 6229 1949 2469 8326 1120 9770 5358 5 7579 281 8077 9484 137 4001 598 4110 7442 3275 5868 6404 7628 9501 5005 6328 1350 7274 5571 1171 9849 1795 6770 2901 40 5082 3243 3537 5119 2130 3595 1019 5417 5457 9458 9055 3294 5165 6242 113 2173 2079 1280 6874 8881 9334 2487 8033 9650 7951 9461 3441 7655 9270 4457 3374 8104 6011 8430 6309 5516 8840 778 996 8041 1841 3693 6467 390 2096 1801 4281 2868 6720 6696 5946 8603 4381 5160 5270 8431 4697 7602 4747 1585 8958 1578 1114 8089 3734 9943 8692 8472 6901 2592 4513 3744 8564 9662 9442 4565 5421 1600 8825 2763 1091 1231 6900 2037 7365 5635 5743 3759 9381 8922 1218 2190 2509 7298 8866 3230 4604 3743 43 6148 4067 1712 4279 6324 9630 729 3025 9441 8829 5297 7501 2136 8086 4895 7524 3394 2433 29 5584 8633 4878 8205 
9195 4572 6942 6561 7148 7588 6843 5507 8373 2997 7613 1984 5884 2629 7255 5804 2384 4911 4449 5310 791 1701 8787 2507 3877 9304 8930 5522 4770 8750 9248 6253 3241 4586 9277 5946 3480 9745 5258 5733 2191 5024 5387 8239 4088 5816 551 6429 7762 3944 102 460 8403 2965 2632 3656 6533 5969 634 8610 2287 6317 
9013 5922 7845 3464 9794 394 9007 9792 2722 7769 4746 6637 2503 520 7608 7035 5473 4249 661 1494 7397 2282 4779 2296 3344 8500 6288 5129 4155 7102 6953 8256 7457 9717 6813 6139 4938 6592 4921 3017 3690 497 37 7118 1445 2202 7403 7342 5661 3495 5746 8069 6958 3568 8980 7306 3763 6699 615 5382 2634 2255 211 5882 2026 5801 1178 1948 7030 2692 9992 3238 5034 2701 562 6565 803 3968 2631 2717 5884 5569 5391 4980 5164 3693 8248 4603 1209 3020 4956 3431 5395 103 8834 6211 8345 4283 1216 5701 5696 5179 2828 5906 8092 9627 2395 6294 2205 6221 5309 6196 1114 674 8783 2953 9795 836 9431 6607 3687 887 5348 4761 6854 1194 9814 9381 6158 9301 9806 6554 1725 396 1786 8982 9663 5693 356 204 921 4823 2104 4848 9487 9385 2446 4675 2397 4380 5598 9915 6814 7927 4054 
2898 4097 257 4525 5143 274 1838 9944 5223 6632 1825 2751 3367 5836 7291 1676 4111 9089 6453 9730 9451 2174 9165 6022 8344 313 8727 497 3204 5169 799 2681 7382 9644 1734 6159 1513 5313 6099 4780 4241 3729 7744 9417 1990 8888 2550 1719 879 4657 928 5210 9691 4644 5136 7175 4147 1365 5411 547 3119 653 9830 2988 5613 4824 468 8000 1790 6469 4092 4681 190 8724 9988 886 7756 4434 9042 6795 1637 7569 4993 7908 4845 1238 4375 3501 2044 8217 7683 9836 8580 3216 9478 2515 3511 9796 2062 8872 3054 6178 9455 3889 3784 8497 467 
8991 3506 6890 814 3022 6905 2782 8698 2581 2340 1766 5537 5352 8734 9292 1201 5453 5287 5839 9415 3302 5903 9136 3318 2591 3858 7409 4816 1908 5890 9218 412 4420 7135 6214 969 8998 5648 4106 7863 3817 7480 4659 1024 7493 3186 9992 2363 1023 741 9476 4282 5171 7349 4203 337 2286 7639 992 3102 1267 2460 5185 6345 7712 8699 366 4946 5923 4500 2813 806 3772 671 727 5141 3094 6494 1699 8783 1592 5769 1993 2497 5930 1488 1272 9952 7117 5445 6594 9819 2315 9479 5442 2978 382 4307 9225 2954 6733 109 8231 7006 7270 9812 9248 9323 4336 7653 900 8225 9413 3239 8296 7664 6245 5113 3629 4309 2283 6350 4527 3660 3699 9692 
8417 6060 4800 4219 3697 6263 7431 8655 763 2162 6860 1564 8180 9999 7982 7920 6828 6633 5496 8424 3956 1438 6194 7492 3651 3550 1591 6334 932 583 4468 2124 1524 2742 756 8598 3597 6349 1664 8141 2982 2562 6183 8126 3809 7623 3316 6408 1279 3659 7805 8870 9962 7875 2730 7892 9528 1857 2908 974 5713 4730 8881 4798 345 7902 9940 4413 8074 3985 224 7141 5396 9995 3042 2693 7509 6542 489 8521 308 7652 9654 4178 4544 8760 6877 493 376 4228 375 5794 4901 7538 8812 7425 7 9998 7477 6671 3445 1138 6780 8523 5934 2019 4948 9496 1027 4440 9033 8988 1113 7536 8135 7312 7103 3612 2403 9343 3055 6641 531 4383 2671 4301 4119 3984 1859 4319 7088 6092 9373 6624 9448 3334 4842 4847 5409 3876 7155 1763 6209 1097 3456 9117 842 5994 
2886 9596 8800 4648 2276 9590 3330 7245 6695 4993 5485 6302 6639 4157 6924 5156 5821 4769 9262 7634 9403 6590 9337 9527 7163 4790 2619 8928 617 5514 1506 9648 142 6584 6040 2966 2004 2649 4824 3602 2544 4357 3448 7012 4195 5528 5466 9410 8207 1589 8030 6853 894 8716 
357 7385 6617 9274 1436 2610 7370 516 1322 5326 2869 5469 5541 7227 9035 2691 8402 3710 3910 553 7454 2128 4234 207 3657 5608 3294 4014 324 1818 5532 5602 2407 3947 9106 2820 5819 1967 1005 2471 3755 7206 5642 9615 6984 5857 1652 512 584 6098 7688 5250 3051 2831 3552 704 3063 3846 2366 5593 2047 5548 3618 5086 9009 9486 972 1402 5029 2466 7149 7095 977 1376 4236 2365 3814 
2853 6589 3816 4982 361 2131 9357 1311 7273 1235 9324 1904 7782 3212 2808 3698 6644 1919 6539 4589 9174 1093 2259 3037 1356 6248 3165 662 4887 9983 9187 9102 5003 4757 7080 1508 2561 3967 2571 5609 1078 9353 7381 5671 2417 4704 8351 8498 2525 7756 6358 
3477 8828 1750 302 360 1730 1495 3688 1494 1247 6791 9182 3490 9810 7816 6575 5475 2529 2689 8408 3696 5045 5266 724 5853 427 8222 2542 6359 2057 3176 163 4454 4630 6530 3004 2147 5723 3546 3452 7507 4799 2745 4343 5758 3577 9846 1383 4287 9457 4259 4970 6193 7792 6476 7595 1863 7182 9210 1054 6323 4103 3594 3936 5984 208 8299 7654 7901 7222 5617 2456 5902 2683 6061 8127 8841 8 1437 6914 1326 6629 8224 2773 9039 1636 872 6320 8625 6085 203 6136 7483 4715 9980 6686 
4758 8747 1535 9333 1263 9537 7825 5738 1847 3916 9733 8509 6586 5933 6794 2135 5959 1705 3965 3421 8805 476 4588 1893 6937 8849 6669 3800 9946 3301 1163 5558 1957 9558 2029 3794 4268 7500 134 1561 9769 2800 5450 6767 5220 3107 8174 6777 1111 4519 1473 7521 3682 5069 6907 9036 1161 3771 2870 9 9416 8896 7252 
6313 8453 4598 5268 7585 616 8846 8509 2013 8814 8688 9230 9154 6137 5721 9024 8091 9828 1775 9580 9969 6204 8514 2981 8290 7203 9344 7492 4133 8025 3655 2955 6996 4154 6008 9519 1733 3615 6322 9416 7734 3140 9295 471 2508 7263 1202 3183 9821 4661 707 5073 6743 7701 5323 6488 1903 5814 6381 6059 7023 2536 7150 5195 6520 8375 517 5078 2324 6217 7947 9559 1136 6181 6765 8200 9254 9045 6631 907 936 9750 7285 4169 9380 5334 7305 9249 9958 1925 4225 6058 7764 7078 5132 1602 4933 7303 3103 1327 9583 9352 7089 2861 7929 5621 3324 8858 2146 3752 7735 515 2641 7205 9431 3467 3702 1048 1180 5133 7603 1971 4250 5015 7473 9833 1126 2796 293 6967 8107 7476 8912 8749 667 7645 3228 8653 9790 1869 2873 5478 2654 4037 7836 9313 6626 2475 6777 5277 9921 5630 7598 5969 5662 7927 2084 2948 5283 
9264 8151 3207 8810 6675 1319 6574 9452 205 8883 1583 5572 4740 2357 178 9946 4542 2863 6466 3823 4814 4596 6423 8264 5963 6503 6855 7746 8013 8797 4963 5860 9440 5050 5826 7573 4463 9785 3432 6335 7812 6286 1096 6779 9530 152 9203 2350 6570 9984 9428 3885 7421 2349 688 9667 3057 8301 5068 7651 4756 8074 2093 4452 3066 939 3089 5997 3371 6964 9219 2603 7444 6714 9069 8467 8714 8123 8289 1214 8140 774 4804 8983 4306 8163 5455 8439 3812 5095 214 787 4907 2539 1511 9002 2718 6583 9317 6931 2024 1718 1496 7860 6786 6862 8325 4298 1335 8890 3814 
9010 3506 2816 3678 7456 5104 1315 2964 9545 4621 7816 4246 3941 3949 3539 5939 1695 2479 2872 2458 6477 1832 7579 9502 9736 9975 7394 3890 9241 4370 8717 2799 4924 4238 643 9403 4568 9782 3351 8412 6691 3414 6455 2381 8189 6265 5177 6815 4962 1527 8555 2794 6201 6698 5359 6842 4415 3466 2245 2171 1419 2343 7230 6401 3040 9086 2795 8669 3695 197 7940 5707 2205 5153 5448 3313 5726 6883 3300 3942 5886 8680 9978 2846 4960 8695 5743 2477 557 8536 6473 5972 3751 447 3256 9547 6606 8405 4935 3660 2182 3154 3321 
358 8934 9183 3221 9335 5653 1650 9404 6173 5665 1397 1994 7847 9873 9303 3331 10 7911 4112 5841 5599 5154 7162 4802 455 1378 5056 7885 1824 8295 8945 697 717 7049 1742 5703 7901 8153 6277 899 9350 6616 1898 3398 2127 7156 8116 4828 6387 8071 5366 8792 4731 9901 8882 3564 6740 3915 
7233 2319 2875 3095 8110 6840 6586 2706 570 2802 8529 9153 5122 630 7049 6952 5100 7969 500 9128 1225 7868 5945 8972 2465 7727 6477 9950 9701 4857 1470 8404 5090 5750 8729 5942 7776 7486 466 4426 2755 9514 3950 7866 7018 679 3226 6709 4077 3673 6881 1420 8908 2462 7772 1237 5779 2743 6826 3640 9142 9019 3527 7612 8048 4482 5405 5396 5183 7903 2018 4943 49 7520 4912 621 5241 3149 3496 649 1499 2563 4386 1626 1063 1531 8418 7635 9890 5144 430 2261 2534 12 393 588 6398 8693 9901 8439 5614 5202 7796 7692 6153 855 2888 3345 843 5415 6301 8082 8952 5325 6975 9477 732 7491 4725 3429 8527 4847 9972 5320 6094 2865 2035 2839 2605 3470 
8367 8348 5295 386 7251 4517 2075 861 7352 3361 6219 1529 4205 2775 2325 2747 3419 2400 2264 5327 4557 7942 5083 7147 8065 8540 5323 4247 4713 1122 6940 6352 8963 7317 3935 1575 1960 5973 5252 8716 6078 5919 2286 6020 5435 6342 7367 4325 5869 2295 3611 1118 1972 5798 1422 3383 6690 5863 6646 8242 8383 5445 4429 5536 4396 6764 1709 9311 6974 2150 4981 1815 2434 6082 6529 3743 2066 6990 6735 6261 9630 5274 6772 1068 3990 5773 5028 4374 542 1433 286 9283 7167 2114 7938 9258 
2598 1395 698 2583 443 3288 956 4855 4213 7051 9680 3008 9011 4265 8880 2817 5046 5257 1081 6133 6726 2102 1850 2684 4930 3796 5057 9004 9571 7178 9330 2877 6495 5097 4485 3071 1864 6150 655 950 3854 6739 4046 288 785 3832 6500 1498 8795 408 4797 3706 7080 1762 7572 3247 4010 8686 276 3274 155 3115 8707 2702 5369 832 4173 7220 8435 1109 2161 5899 896 1870 5007 4645 4198 3795 1355 825 1298 139 2770 633 3378 6703 2518 1573 8602 3074 7037 5790 3487 6329 747 8215 7174 8185 1954 9816 9016 5133 8377 1241 5015 7926 8821 628 2524 4722 858 3292 7977 8967 8426 292 8458 3531 8973 1255 1031 9068 7407 6122 9466 7498 5110 8807 3426 3960 144 
9585 240 8258 927 8690 2088 432 177 4602 3515 6677 8260 4267 7267 6876 1155 7921 2970 9047 6762 6186 2854 355 2582 6784 7777 7506 9132 5638 3677 272 1262 172 6881 4751 2445 8114 5306 2305 407 648 3909 5008 5240 6255 4569 5980 8087 9312 5363 3468 8872 8485 9393 6943 8015 2402 4286 5004 7436 3465 1689 6065 1383 9283 9231 2724 2971 8911 3855 9845 1552 5067 
4479 7889 986 1783 4673 4539 1769 7041 8993 4502 8763 5752 7362 5370 3559 4891 9842 3638 6373 1056 7106 3864 8745 3482 6040 9631 3109 2912 1300 4205 3473 5329 7642 9362 410 157 3342 1754 768 9536 8330 8979 5551 8165 1826 3756 9196 6043 2396 5437 2326 6546 1098 8483 4555 708 3880 1731 2213 5763 2199 5935 8607 4107 8040 3380 2028 507 217 6540 6271 3410 259 7045 7848 9994 1462 2473 8011 4203 1620 1720 1320 7335 4838 9670 6689 4406 5970 6180 4789 7418 4663 985 2294 8456 3637 6934 5025 5891 1654 3709 8396 3512 4532 821 6341 8464 9996 4145 8626 9056 4683 448 9855 5781 1399 6407 991 9201 4624 3805 3083 4655 5047 8524 6006 7108 6279 2675 8297 8775 2005 2231 2925 8192 3391 2223 2737 9221 4674 2142 924 9471 8700 7214 8401 4709 5404 8659 6209 641 1207 9611 5861 7906 2851 
5483 6556 8348 3787 2310 5344 3571 6207 7272 3191 864 7000 6028 2278 2733 1665 3758 9747 8139 8501 4293 2333 4890 6050 3888 4559 7359 6605 995 7050 3419 4417 8108 2375 2991 1802 4346 1475 5487 8552 457 7351 4093 7945 3368 4171 2601 5457 4516 1299 8857 7199 9414 3585 4047 1728 9146 5893 6746 3939 2033 5275 5347 9183 2301 1011 8789 9674 8875 8669 625 4409 545 736 4098 5123 7590 8557 2801 1032 1688 9927 1424 2655 963 9267 5708 4061 1773 8031 4620 5767 4465 2767 5337 968 5689 9425 694 4591 5561 3507 125 
3286 7626 3969 703 9021 8316 618 2951 9246 2708 1950 8096 652 9608 83 2418 7441 1417 4033 1502 7528 1876 8098 5358 957 159 3776 9402 13 8307 9772 484 4821 4851 1457 817 8756 1265 1168 5550 3156 1738 7189 3648 9468 9406 9213 4458 3358 8638 4272 7557 1970 3474 6902 2761 8159 969 4028 4516 3032 9827 69 4466 7972 3395 8232 3685 4337 1467 9955 4730 5510 9031 9971 3986 4536 5628 4401 6728 5034 6149 4496 6741 1512 5824 216 4248 129 941 2728 5757 7044 8777 3995 7447 9041 3472 3871 9531 5216 194 5676 7527 3632 6056 4160 5739 3689 4288 3329 9682 998 7624 1777 1755 727 4231 6070 8407 5084 4629 8079 515 1675 6580 3927 9965 3988 7244 1685 6549 8615 910 2172 7672 916 9584 3563 6016 9954 555 6035 3449 4445 6872 9445 8118 9787 8031 9491 2404 4122 115 9979 1050 8046 9070 203 773 3413 3030 1923 4389 3263 7375 4692 7803 6908 
3281 5298 7853 2021 4914 3075 2503 7952 3926 5311 4414 14 6423 8936 3346 813 3856 8122 1669 9641 5470 9892 7642 6160 4514 6788 2821 7743 118 9829 5901 2611 9973 2754 7052 3082 5612 4548 24 521 7741 5837 807 5040 1988 5815 1006 8531 3349 7667 1660 8767 5027 6944 7552 8197 7024 9205 6299 1532 3872 3067 636 3663 9437 1022 1952 8198 9217 2003 8154 2502 4174 7798 4782 4299 1873 8714 5353 7329 8699 5832 1281 9243 3526 8772 4168 6356 4507 5835 731 6073 5120 1771 4104 4499 2827 3798 2641 3387 1541 6314 7146 5760 9959 9447 8027 8462 1751 7014 7964 4922 2258 4419 5783 6386 130 7307 7434 7058 4260 5062 4631 7994 3589 2859 7643 9715 492 1404 8903 3148 952 7328 8266 3049 8347 6304 6223 8376 299 976 7759 9637 8484 
7084 8644 317 3423 9800 8662 9624 2215 9118 1831 6002 1842 4579 246 237 5338 499 8809 5355 7048 7177 8517 5765 7069 1611 6069 2078 1977 4686 158 7533 5800 6880 6749 9040 1378 8759 7096 5648 1020 2212 1881 8057 7438 5563 5416 8571 2573 507 2158 6343 1248 990 5072 7783 4170 2736 6511 7479 816 403 5006 7145 7564 7435 7240 2087 15 7611 2097 5246 8268 8901 6117 7226 4124 560 4972 6340 6581 4880 5576 8718 5881 6057 9856 5238 5811 7137 1618 1827 6450 9620 5140 721 8609 4338 7350 6818 8334 9379 9516 5200 4329 2274 1175 8782 2077 9938 5322 9185 
1987 6524 4534 1913 8765 3339 3528 141 5829 4966 2752 2765 9088 8761 9964 1083 8025 2025 9341 3597 5964 3779 6968 7586 6388 9693 4114 9198 8636 2576 3921 9918 2998 1547 6767 2599 4351 4560 9173 8861 6806 3665 7677 4165 1490 5449 7061 9045 936 6247 256 7338 9212 4078 8673 3279 9799 7157 6892 8391 7395 6243 706 15 3912 9518 4295 6670 3635 7872 5825 5071 1242 105 5535 1079 7373 2042 3273 8613 1685 6569 1739 2089 10000 3362 3138 8625 6836 3876 8296 8752 1877 7216 8832 4878 8369 
9178 271 746 4053 9791 8931 9808 7112 7554 1197 9891 3902 54 5756 1368 6986 4318 7522 2665 5269 6715 8255 8331 6360 5050 1385 7948 5281 635 9628 5142 2949 1781 4335 6664 8272 2903 378 3452 6763 1546 8197 2857 5874 1313 6267 9556 2882 2122 2391 4858 4359 2216 1715 7311 6395 9900 4355 8211 981 1644 6163 4543 4957 8246 316 522 5772 2568 7928 5079 6132 7093 978 1246 3357 9577 2386 3952 6300 4567 7186 6237 5912 2257 5465 3744 4223 4162 1834 4332 7540 2110 1200 305 138 3461 8838 5646 6279 6807 1934 761 7326 9017 7531 890 397 3978 5717 4467 7723 2235 3081 4373 8659 5486 9060 9765 9692 
8720 8951 7107 7599 1526 1601 2140 9449 9325 5159 6330 6796 7264 1057 6885 8975 725 6971 4086 5558 3122 7404 4494 1245 6831 5908 47 9619 122 6918 3533 6518 9271 7859 186 6390 3769 7719 2292 2735 7870 7996 5876 4899 1461 7281 4854 6623 5076 2997 1451 8532 5596 2621 445 3358 6164 4277 2080 8065 3588 6088 7875 4538 536 777 7463 5350 8611 2183 3351 7420 6001 6838 8157 8394 5259 8357 5231 4682 2669 9156 2564 8104 3514 9003 5116 668 8434 2388 3105 1188 8743 3498 7979 65 3893 8328 6336 3913 1086 7372 5454 1770 7426 9375 3437 6723 6415 9057 8120 9426 3271 2082 3317 2364 6348 5207 6591 4667 6239 8582 4871 6079 8493 4012 6146 2870 4649 1691 1543 5196 5871 1180 6351 485 5149 7700 5625 6492 16 2056 8774 2236 9453 7691 1973 2930 3801 9164 3059 3961 5371 9666 4065 7689 5570 1678 9433 3716 2103 4296 3249 173 1144 1223 1068 7123 1141 2809 2709 4520 3754 9802 2738 5709 7195 1896 3209 
9744 7414 8868 7235 8316 4097 9278 7810 8049 3225 2596 2785 1251 2995 17 6598 1173 3908 9718 9874 1181 6251 9524 9543 7597 1288 8113 7197 1026 1252 3870 7865 9199 1398 8574 2050 2789 1362 3099 5578 4254 7721 3741 5658 7799 712 8202 7758 9767 9804 4214 2516 228 1853 3666 5330 5263 9414 6100 4760 5556 8265 1444 1211 7576 2690 3728 7751 4997 8195 7327 1667 7120 720 9581 4841 9158 3246 8208 6013 8924 5459 7354 2558 4040 7175 3822 6344 9469 6766 215 2188 6674 5273 7654 2976 3013 2565 6198 5303 6034 1747 5432 9713 2987 9848 8177 2394 7919 3336 6392 2459 3224 8329 7999 4183 5401 1774 4976 5811 4870 6688 5446 2703 6544 6590 7139 1854 2125 9673 7419 5332 4905 722 6420 9066 1059 9109 9095 6751 4777 4009 7292 5199 4736 8929 1568 6370 9240 436 7079 
4285 5899 6428 690 5152 1904 2247 7505 5610 3214 2615 4032 5074 9235 4266 7348 4071 7806 8794 2265 8276 2424 8350 5499 1227 5176 9291 9238 335 1782 2962 1135 3621 510 7215 4011 6483 6226 5747 1889 3810 5273 7868 4366 9676 9796 4985 9068 1981 5887 7188 5604 7518 5131 6818 3015 523 2105 8770 971 8032 7739 4628 7750 9483 7021 1559 7616 
7587 9150 4481 8006 5438 3157 9408 6135 8884 8814 1452 18 6949 3958 196 5650 7795 4688 5877 4398 4886 605 5022 4263 1707 7809 9423 9805 6312 2012 3996 1140 1501 8651 2705 4702 7410 4792 9371 9171 7280 1692 5549 1261 4605 6052 1229 9612 8933 9616 5188 2043 7580 9759 7588 3382 3375 2798 9653 3485 1606 9991 4750 5101 3719 3210 4206 9251 5463 5547 6896 5732 6318 9681 108 5031 3096 713 4641 6293 8621 5465 2334 2532 8135 2373 9535 7949 7331 4275 6376 4533 5833 2177 6080 8103 6147 3761 5170 2682 920 9909 7779 6867 209 1029 3626 9503 5502 2725 8815 2360 2723 6241 574 7002 4808 9540 9922 6246 3435 
8314 140 1172 8373 6916 8845 1553 9591 5686 8873 9706 9872 5974 1416 9245 7068 2362 1638 5333 6774 8374 3907 9126 2345 9429 1258 5521 1254 2759 2938 3201 4835 3804 7893 7910 2897 3558 8482 4466 8007 1547 9568 2727 9636 5315 2659 1167 2233 6886 7389 7852 2652 8678 7652 145 7849 3052 294 2034 3241 8140 8353 19 6643 1879 9454 8962 627 6210 5911 6192 7661 7223 502 9023 7019 1997 153 3749 8984 8173 7347 5845 9618 8320 6151 
3217 9811 927 3206 8044 5009 2643 9781 6355 167 1036 1812 3740 6718 1102 2186 7035 4860 7428 9983 1792 7243 8791 267 8237 2376 2237 7412 4423 6855 2843 247 3328 6391 2290 7565 1148 9172 6789 9684 7525 5374 154 4936 6658 3424 3079 1584 9400 7449 3106 5601 9474 5534 3714 8214 2687 3617 7752 6608 4511 4992 2569 5080 6746 4137 4524 7584 8142 478 1540 3746 9147 9339 696 7460 4016 3842 7974 3981 8986 966 7690 7730 6038 8830 1936 1570 7261 8047 1217 8578 4693 1522 7174 9920 7900 6239 3791 2967 8701 1380 4313 8315 4437 1296 9533 1744 4075 7607 7320 6956 6102 5306 3976 6997 60 4766 6338 6595 8892 6775 9773 9708 8793 8270 4551 5484 2134 7822 8037 7079 865 
7356 3118 4472 9075 6994 7031 8322 7471 4116 2193 4232 6513 6394 3700 6798 1112 9968 8518 2633 1612 9377 4975 6097 4436 9623 3775 8050 8513 7392 5719 6998 9029 1587 2226 2793 1661 9993 9860 768 147 5590 874 8460 4699 395 8768 5005 9112 1466 9878 6191 5290 6414 8428 1684 2076 7258 5789 3892 9081 6426 2750 7009 3554 2753 67 4415 4521 5497 5116 877 961 1579 3692 7684 2390 538 6405 9774 1901 5803 9170 572 2762 3454 8856 8703 2975 5794 151 4903 6650 6038 1536 6167 3613 6433 3213 3312 8422 953 3027 5492 6768 6654 658 2379 6914 213 1044 2263 4099 5146 7176 4418 8273 5647 8586 9840 2523 4006 8231 6187 4196 1767 3128 5480 3029 8169 775 262 285 5553 1497 1080 7172 6759 6640 1556 2756 805 9034 3507 3171 20 8670 446 
9951 4695 2314 4754 7539 5667 4773 6618 8066 5885 9933 586 5622 3625 3510 4139 9223 1658 5326 9941 9775 7234 577 9524 8105 820 157 4031 4244 5770 5820 1182 5697 9020 1100 310 3691 9409 2972 3788 2336 2979 3430 5440 9446 5538 7693 3147 3821 6498 7294 8702 9058 811 5249 1946 5147 8384 4358 3732 481 2700 7160 9200 8848 6033 9809 5987 3536 1525 9378 5546 9308 9883 6978 7125 9326 3731 4904 4393 912 4794 2291 4717 123 9575 923 6897 8902 2567 6919 4324 322 9672 5740 1119 9876 9826 6375 3170 2936 5121 4934 5253 1755 7237 3548 1094 8652 2435 1954 1226 1310 7997 2152 5543 1844 1206 6713 3001 5633 3672 1544 8939 644 7763 6593 7360 4196 1421 1917 4412 6801 2873 5660 2519 1633 2204 5629 4666 1144 6700 4712 8332 6036 4971 8665 5061 1460 7882 1066 8176 
4354 5410 4708 9204 5163 3957 5808 5618 330 4224 8938 4367 9382 7858 3251 5168 5921 4623 967 4089 3133 1476 9707 8313 1415 4100 4210 5328 3875 885 1123 6833 6024 1623 4356 8457 2160 2856 1533 4535 3684 6439 9652 7855 2267 1988 5909 9928 21 6218 6290 3315 5603 2411 6550 4867 1353 5231 5372 2154 8445 7574 4846 2797 4546 8436 3887 8642 8304 7105 2721 1230 4365 9755 7669 9986 5058 800 7668 231 804 4060 1700 1837 8252 8645 8286 1752 2517 5784 6504 1477 6487 1325 6147 9399 3529 3232 5725 5130 1373 1551 8781 4152 6506 4734 7047 2904 6337 2180 
850 8149 6152 9439 8824 1866 2520 529 4908 5568 1494 7490 3543 9288 8907 143 8499 8229 6029 2069 3448 7336 9756 2548 6458 8748 463 4084 7132 8100 8664 3730 5128 3523 9193 4832 6579 4217 6570 9192 5645 100 8341 3620 479 4884 5864 391 4000 6545 7941 6648 3764 5935 4402 9316 8060 5001 2118 166 3410 4491 9506 3151 6564 7230 8433 8235 8208 8715 7125 7897 7453 5623 7067 6425 9105 1284 4442 2448 9760 7085 1101 8080 4381 6502 3686 550 1855 9465 3807 4055 7841 6417 7767 2772 5434 6364 3601 8786 5620 3943 3715 3760 8260 5037 2374 7269 9856 1166 557 1788 8536 4885 7094 4486 6434 6734 1649 965 2983 4926 9143 9379 7168 4030 1974 9542 6552 8671 1926 1411 4545 1732 4669 5709 3369 2739 5852 
417 876 4424 4690 4024 2993 1866 814 8054 7011 6377 2579 9544 1379 480 8262 1028 3136 1338 4005 1056 735 7821 7204 315 1695 6553 6785 4209 9904 2545 9622 8949 3735 9953 7029 8547 4182 3930 5011 3721 9737 9080 3120 3857 7812 8022 90 9430 9284 5426 7992 9865 9504 8859 949 1423 1371 2907 4737 3370 9966 3516 8826 3219 6195 6165 126 1490 8762 8437 6162 8631 3815 81 5606 96 7173 9698 7641 8642 3086 6475 2555 9358 2952 7262 5910 2603 9654 6865 5883 7933 8760 7384 8632 1049 9797 824 5847 8713 2302 3303 7704 8245 9243 9360 8391 5843 6140 9554 6486 7988 5219 5432 3974 3979 6161 2266 76 3914 7314 3289 2048 4836 681 4194 1849 9298 3899 2946 1196 7591 8507 3478 5161 1396 5340 6222 1778 9340 9093 9850 9906 5683 9137 2208 2553 6314 
3464 9596 9119 9028 3848 2040 9482 849 8674 1897 7673 7362 6095 4852 6305 5878 5735 5941 7300 2715 7861 3704 7060 2254 4889 2924 8311 5444 3856 491 1034 6923 4423 212 2346 4144 4921 3305 1265 8475 3765 4664 4869 3768 5420 613 2007 1646 6409 9727 1030 5727 6104 7254 1405 5155 2399 8769 1537 3920 5476 8755 2139 6609 5189 6915 8661 8595 128 9254 9869 8436 9900 7965 3574 7355 269 7571 6824 6863 9129 9986 9259 8891 3365 7129 1714 7527 2613 9395 1246 5932 7398 1323 7936 1287 5222 2566 2501 3923 822 7004 9411 8254 2414 7831 7201 1836 2311 3377 4818 4953 9914 6175 6368 7814 6035 3139 9387 7221 3580 7839 2008 8898 5110 5773 6273 3922 8831 4643 7922 5157 9338 
7284 161 698 3868 7299 2945 1528 2900 6093 1039 3745 8981 5996 2393 3145 7686 2618 3258 6753 4475 8712 6172 9216 5389 8146 2431 6031 4640 5284 4076 5271 6354 4003 150 9727 7797 3132 9428 5608 5966 1208 8496 2413 1328 2068 4490 9064 4159 7966 4105 9548 6778 22 7826 1848 5099 8356 8026 1234 7604 9500 7791 8005 9841 218 2015 4439 3046 3694 2826 9367 2138 7629 6416 3683 5388 3360 3290 1515 4513 6505 136 91 6888 4919 6861 2338 2452 3005 3205 4261 1062 7247 6347 5844 8081 8935 183 8250 4614 738 8061 9287 620 9664 4278 3456 6442 2380 2531 
254 1690 4714 6610 5929 7539 7617 6369 5077 3097 9810 6848 2170 5331 1653 8400 7171 1892 4646 3962 8077 4526 9281 3245 889 107 1666 3343 2961 8583 6776 7379 9192 5894 7260 675 6465 5236 7676 5962 8835 4735 5305 5285 6292 4402 3639 7289 4519 526 6389 8195 726 233 6311 5106 7119 4435 1764 5482 6197 5688 7737 695 7285 8676 4081 2246 3388 7687 1388 3869 2367 9579 9460 7697 4793 5764 2651 1374 7578 2815 7561 5711 4537 4079 5044 9224 9388 363 6732 1708 3605 454 1749 4034 1125 2150 6444 6032 3827 2200 9683 2198 64 3541 691 3393 7650 299 6707 
784 4550 9746 5754 5527 2041 8819 4950 8785 8218 23 3050 9948 1406 133 7464 7968 8150 8184 8948 4461 7673 2344 8688 3327 9945 1347 7618 3264 4676 3654 9114 3864 752 5379 789 9769 2340 2054 9643 7793 9513 2657 1033 5753 2640 1205 1832 8513 8569 6326 6998 9199 7010 7062 3953 6573 7753 9079 3662 4320 6156 9365 6693 2463 8143 1563 9480 8206 8605 3971 7880 3161 8969 9294 8505 3838 4918 1131 488 9394 9355 1561 6891 8415 5498 127 2359 6655 828 3034 2210 3244 8627 8387 4123 2572 6790 9987 8757 9422 1065 6346 9499 917 7705 5958 5607 4576 7979 284 220 1644 5729 3006 3026 3412 9041 6877 6755 9057 4607 7833 4998 552 4929 8220 5834 716 3878 5247 9247 5923 3103 1890 1010 5207 1902 7907 3326 4109 1410 8127 4101 4470 3440 7086 4920 9077 6738 7405 4023 3643 502 9837 3420 5685 9658 3190 5472 5888 3604 9238 9646 7434 371 2001 7321 320 3627 5020 4749 3108 543 5404 8210 4510 7844 9542 7047 4552 9762 975 7707 6370 6264 
9557 3628 7722 7127 3826 5916 5585 8730 5087 9989 4626 6793 6959 3459 8737 7879 955 6489 4488 6441 2500 2526 6213 9384 5089 4947 3208 3906 810 9529 9162 1121 5036 6045 9784 383 2823 4207 3269 8449 3442 2623 8639 1916 8378 4611 6879 6960 7996 192 5280 5505 7315 5744 8942 6894 2341 1492 8776 8398 7934 6577 7758 3088 2960 2316 6992 4770 5737 2510 4961 2123 7136 4149 7514 7212 402 7219 1405 9606 8742 6921 6731 2985 7417 8917 2885 1737 9538 9555 1846 7224 3596 2139 6826 7025 8889 767 759 42 9003 6220 9561 2891 8038 9881 8548 2871 5256 9595 3895 5232 8619 3485 3532 8885 7038 7890 3104 8584 2455 3259 3847 1861 8419 5132 6704 2764 3146 4743 9145 7207 7237 4785 426 1810 8089 4271 6999 6170 8478 1992 3778 7111 6654 7708 892 9424 6725 730 8530 439 5012 2304 4240 7724 8887 9207 8306 7247 5659 8601 1822 9956 8119 3402 1260 4725 8380 6110 9189 4749 4310 8333 7124 3364 8914 9420 8362 5702 3250 8474 5244 
5940 5813 9497 7755 4581 7575 672 2027 9139 880 4498 2580 4070 8321 520 487 2973 4954 7529 171 6949 7567 7828 9580 7276 9844 5489 9704 2769 6412 4235 3767 1221 9622 1661 6269 3123 7159 3560 6920 8457 6026 79 9303 6514 4619 8675 8308 6448 6179 7249 4186 3525 6308 743 2663 7128 3247 26 783 9913 3488 1989 2595 7430 6804 1845 8661 7489 926 5872 4772 7663 4314 1581 2984 1156 1283 6003 9495 3587 4180 8432 9531 4815 8538 7937 4703 5772 7928 9082 5759 1671 4362 8622 2810 8971 6883 5656 6224 7185 7630 8463 1839 4583 1075 6929 9837 9186 4227 4809 628 3644 3076 6493 6974 5889 1073 7871 1618 558 742 3738 4233 5478 5439 2116 2277 3408 2389 7383 2847 691 6523 9697 3840 2083 3993 1596 9742 7296 
3570 5214 2493 9087 8291 7052 101 5051 940 2719 4492 8343 4892 7778 7715 9051 6653 8618 5823 4707 1088 2650 5016 4990 2814 8947 3164 6228 3296 433 7811 5652 8663 4216 4073 1145 6946 1002 8162 6089 8164 5627 3945 2398 882 4306 4883 1624 1597 4263 9299 6822 368 7742 6270 1599 3363 7563 8056 9462 6563 373 
7233 9879 63 5916 6712 8944 9449 2628 3181 9209 4685 4367 580 7662 9604 2239 4861 3813 3262 1213 2918 1069 2617 1053 4425 4911 7957 4548 5408 2297 8109 544 1816 3830 7278 7757 4372 5532 27 2871 1819 5456 8196 6611 3567 5809 834 757 8281 5664 1169 650 709 7578 8370 660 9359 3924 6399 6436 2673 3348 4977 5542 2811 245 6868 5495 5293 2258 6493 9725 4150 4341 6701 9250 5148 5451 8106 7054 3797 2876 7357 1090 
8213 1979 4923 477 5183 5828 5515 7472 1465 3087 2133 8073 2153 106 5667 8083 6635 755 2444 1723 1963 8843 5841 3762 6527 8796 7558 6800 3222 1616 9133 8156 7422 2243 3322 7452 4604 9076 4048 5810 2115 8227 2899 4939 2168 7716 3014 3178 6490 1887 6873 2406 5513 5666 2051 8326 4612 3142 8877 2494 3019 496 7710 3802 8848 2132 2428 4416 9123 6264 
1745 4129 3379 7891 8806 3261 7646 8697 8845 607 3172 2352 3418 5373 6665 9699 1007 4916 3113 3064 3581 6534 614 8567 362 6327 7197 646 4471 5944 7719 889 6947 2867 8979 9835 5193 4320 4687 9166 28 4063 4625 8961 8559 8849 7665 2356 8117 9778 2098 8280 398 9907 5736 5308 8283 9094 3824 6379 7785 4134 6893 4515 5244 629 3039 9342 6537 2207 737 3565 9149 7034 7308 6310 5684 46 1662 3959 6336 6571 8999 5611 7813 4062 5838 5983 825 1268 7638 8410 591 9025 4368 5393 4221 1570 280 6417 1810 2166 7946 4387 1993 6744 8101 3841 7905 8144 5543 6383 400 5206 7873 3708 7698 1412 5986 195 9255 925 1504 5254 9492 6256 5654 1785 4766 5452 2157 9882 5450 1480 1253 9099 6555 1959 8687 4215 131 344 5791 6750 4822 3970 4018 680 5198 
9363 73 5745 258 4708 7874 1741 2588 8193 7646 2726 1735 3925 4945 4361 4680 5718 4117 7840 8624 5060 6268 5276 9970 6724 9222 4141 9777 6717 4940 9587 3624 5949 8438 8525 7570 5384 5963 8926 2942 6123 7714 2840 7459 3641 5431 7732 9859 2133 6627 9582 6711 6043 2786 2695 1428 1696 5279 4791 535 9328 3933 5766 5243 1961 513 751 3820 8581 9871 5423 8162 8851 1939 4732 1944 5038 2646 6678 3469 6083 8342 9517 7633 7341 4395 4837 5509 1257 2371 5995 2317 7699 3699 9179 8801 6411 3886 3491 2914 6247 8444 9562 4064 796 5361 2894 9078 9157 5799 1727 1791 9488 3044 1360 7066 2527 2699 859 4392 7017 7250 8539 5975 3526 6531 3338 9876 7043 7032 5138 3312 4726 4284 7695 7191 2167 3386 213 485 2645 5892 1126 3708 2288 1539 7842 9459 6158 4184 2148 7138 2977 8778 6729 162 290 5655 9916 7307 4297 2792 639 8458 6872 6244 2963 2832 9882 239 7487 2636 1456 1698 6103 6823 381 1789 6128 5681 8726 9302 5488 9823 4035 3793 
3235 80 3607 9893 8868 8874 3036 5982 6895 6509 8953 7416 1464 6634 8288 6969 9903 3038 7924 7508 6046 3434 7343 5024 5637 4558 8145 1529 4292 3773 6871 9947 5286 4991 1487 1381 6945 1465 3553 2562 8459 1439 7765 318 2720 7945 7098 228 7081 1609 8920 2427 3070 3073 5078 5936 6811 6484 8223 3354 7902 4706 6822 797 3160 6077 1134 8672 6561 8990 4881 9634 8001 9226 30 7104 645 187 9062 8921 4595 5587 5162 3783 6847 6685 582 3397 3599 2293 9942 7710 2146 5724 3806 4363 6768 1272 764 4601 448 4489 4043 4002 9296 1703 6955 6829 1290 7126 3671 2240 7151 5552 7498 9099 8549 2824 4554 2113 4161 4328 2178 9397 1400 
1632 8440 9274 1746 188 1450 3353 4315 6614 3404 7554 52 4585 9481 5898 6882 31 7282 1154 6519 4596 8045 424 862 9493 2712 4844 5287 3898 4051 9271 7648 844 6910 8014 9266 7935 1342 6278 2672 8363 8042 8836 3078 2560 5795 2006 6361 7857 7560 7166 7582 2385 4797 8596 5990 2758 8216 776 945 3411 1562 3555 1990 759 5493 5262 5226 483 5780 8430 5261 2214 174 621 3992 7100 3333 6800 38 5400 8660 3453 5588 4060 2495 853 1964 8067 7546 5406 8413 7337 3068 2902 4388 5979 2121 6203 7223 8560 1009 7720 1996 8469 8862 9298 4894 9527 3519 4906 2850 775 1483 3850 5506 2491 1974 3114 8842 9722 2762 8705 4547 1668 
9140 2155 2416 6357 585 4304 5580 4249 5394 9696 7534 9903 5974 4460 9899 9764 474 9239 7074 5314 6979 8354 4140 1341 8756 5402 2980 8168 3674 1713 1513 3359 1387 3561 32 8057 9321 8336 4190 3041 5678 7015 1729 3695 1921 7600 6596 114 7158 2950 1408 3158 8257 7439 3904 9523 425 3591 3748 6744 116 4242 4973 3747 9661 6190 9424 2423 3135 6706 1519 5545 7625 1503 651 5302 9282 7340 1394 7429 2935 323 1959 8385 5762 8064 
3679 5491 6507 4606 1931 1308 9798 33 6000 622 6721 6400 7478 7026 4422 8388 2698 5854 6745 6419 9933 3713 505 2825 6169 7326 6773 8870 5351 7745 2686 3987 1494 1574 7665 7788 431 2927 5480 3783 7530 2436 248 6722 8981 4856 548 4994 4799 8533 8871 3267 8927 1280 3357 4042 5187 401 7555 6249 504 470 6050 6067 2307 693 5674 6266 8612 3530 7399 2639 4611 8491 
9405 4563 8293 2881 5786 9923 3143 6980 6169 6447 9091 4941 2668 1003 5168 3458 1576 528 4844 3268 2680 5731 8243 1860 2860 2779 1983 7376 6287 708 6792 8008 9285 3712 8512 5582 6331 9064 8004 7380 8985 5010 4052 5591 4724 6536 2045 6622 2551 1105 9351 7980 8779 2917 3400 1312 7678 4826 8160 4717 9368 5463 7615 1651 3711 3918 851 9026 8371 5235 3687 9855 5304 5291 2421 1586 5204 9322 6410 5668 1985 184 2713 7877 8131 2308 9310 7091 3668 2522 4556 3239 9070 4317 4895 624 5822 97 
59 5299 7768 2837 7904 3376 4276 111 4289 3033 8355 7181 1615 8943 2513 6758 2604 9905 2181 5175 1071 7083 5048 2328 9295 6906 4370 9714 3152 498 5904 163 982 9546 2281 2370 9494 8636 1250 3195 3417 7620 7807 4371 3764 9880 9863 9677 3951 6385 3374 7248 835 9512 81 9124 241 9351 8995 1610 4326 4378 2422 5058 6120 6112 6464 9675 6528 5237 1266 6297 1747 4587 5441 8693 2111 3242 2577 2732 2939 4360 9211 350 3790 198 2842 1940 4469 881 4873 6446 9724 5691 7211 3865 9092 85 5981 
4508 1277 3390 5565 8813 4540 1174 3283 6637 9570 6182 2546 4308 8039 249 5580 311 1434 7594 762 9832 8943 3954 5124 2778 915 9844 6029 8186 2570 7991 1438 2587 8275 7766 4411 820 9888 253 4902 6559 9854 9678 3966 8166 3017 4705 5900 9167 6976 1474 2022 8194 3788 5437 6645 8863 7805 1779 2707 2370 2145 2849 3166 7257 34 5321 6988 766 8159 9902 6041 8844 9780 1020 7912 6042 8339 3739 1128 5490 9269 8607 1604 7209 4616 9175 2426 2321 7947 7950 5288 5189 7802 1390 7059 3492 1316 5928 6625 9669 5182 873 8837 9332 5230 6964 3983 5803 9130 4710 7354 9030 4618 2327 1640 6049 4050 8684 5017 2138 4897 3080 9633 5880 2934 3975 3569 3338 8681 5835 937 689 6630 1409 4438 4503 5672 2990 3111 2768 5071 3748 6835 7433 9042 2420 4360 7949 5610 8406 9997 8315 9657 244 1582 9318 934 9761 2557 881 6244 7448 9310 4146 1900 279 5918 8992 543 5277 9921 3141 6823 3844 9712 4812 8568 5873 3332 
9013 6432 6235 9021 958 5032 4974 6371 3484 2432 772 4564 6133 4959 5670 7082 5464 474 3928 2958 6681 9632 6018 6262 8978 7213 4038 4827 8923 9726 9635 7153 472 6485 7685 8022 7003 7892 4691 8573 5586 3159 2484 4257 8189 9349 4806 297 7709 2731 7377 6963 8480 5449 7130 9930 8393 8682 9476 988 9807 9982 8852 9801 6055 4786 6863 1721 2303 6941 559 9263 2512 4528 4366 3093 2097 9912 1389 4863 2656 9121 6007 9260 35 1334 1008 5867 9008 9790 6240 4175 4493 8423 1924 1628 2807 8203 4552 2819 3234 5848 
1510 1293 1377 63 3718 3373 561 8679 6970 7874 189 663 1472 6156 8448 5128 7724 5447 7396 9279 8966 9242 8248 3314 4312 6478 168 1505 9237 7647 6601 3493 2163 5914 881 7169 1726 6597 5720 5909 8512 5581 5766 4928 1275 7670 9229 7158 6499 4951 8004 1478 5557 8125 36 819 8174 7666 1204 1222 1756 1336 48 8454 6844 4788 5088 441 797 2921 2749 2747 6390 4637 
8741 4744 4323 3833 8193 2141 9012 3353 5300 3270 9256 7497 8075 4716 75 4665 669 2306 7930 6325 5085 6283 740 3126 4811 6805 8352 2458 3112 9950 8506 3726 4902 1998 2637 4963 6443 790 307 4340 5374 5467 2931 3028 9779 8954 2224 4234 7072 4093 6084 1955 5018 9765 8379 5978 1909 1500 6195 3596 2514 5201 6599 6311 6071 6522 9763 533 8593 7371 1907 1905 2175 7711 3422 4206 4451 411 8080 9960 5768 6132 1885 8576 9617 6572 9001 5219 5109 1894 3900 684 2626 5751 6558 1226 840 1447 7022 554 8009 5669 7876 5341 9135 4446 1932 7246 3298 6866 7830 372 7856 5486 7483 2433 3634 8914 5985 5356 901 5787 3793 
8219 5690 6522 1372 7143 8468 5971 9932 403 1013 6619 9097 4274 6258 3499 2000 1962 3653 1284 7229 486 1893 2697 6380 7970 7658 9735 7657 6030 3503 1938 7394 5523 9369 1943 7241 6837 4937 1549 4321 7381 7867 7268 4504 295 4784 5309 2884 1548 6702 5403 666 8121 5186 7366 2476 7161 1018 6973 6118 5544 8626 4617 
3628 6890 2354 8305 1634 8884 7840 5622 5324 9608 7535 8738 9748 3647 364 3415 8059 3861 3866 782 5866 9717 4291 566 2262 9813 3929 4938 6391 8956 970 4995 7886 409 3879 5567 9592 3121 3765 8515 2058 6206 9475 4549 5378 1375 5107 7557 7101 7056 2855 9138 3991 4757 1523 5925 4156 6817 5802 4484 3681 7507 1198 676 2440 2049 2999 7627 9651 1000 3101 1256 7513 9817 8360 2490 4435 5105 7850 5232 9847 3006 1865 7679 8282 385 9738 8860 5385 8902 4136 451 1463 780 9694 6479 4258 2280 2192 7302 6121 8773 2329 8324 6706 3782 596 2716 9814 7218 781 1835 2046 3218 9926 2834 5332 867 110 444 8261 2638 1560 9340 9516 6145 5028 5955 3849 3780 9397 8018 7551 2270 
823 9188 1625 3931 833 9989 9421 7036 9434 6951 3766 5030 5338 4900 2348 9645 2478 1121 3834 2107 3240 5865 47 4108 9604 3884 5217 4433 7301 5846 700 5048 9510 121 6306 5413 5827 3337 7547 8034 6051 1294 55 8486 4729 8399 4305 6957 4530 4013 9084 8416 9894 4358 3938 4478 1165 9929 5201 8933 3770 3742 3041 494 6220 1862 7202 5158 8869 8393 8764 4590 9197 5019 4451 7462 3547 1418 2848 388 86 714 2836 8479 6462 1935 1975 51 6366 2976 4658 8019 8411 2766 5137 3874 7761 4200 4342 325 351 9875 8413 7872 9594 7005 7252 9793 2929 9976 6672 9685 9027 6549 8233 5657 1800 723 4222 5399 8107 6583 1503 9567 7309 225 7591 7179 4421 5166 9432 4955 3407 6482 9347 8334 9525 495 8133 5425 1361 8918 2242 9498 3350 620 8002 9611 4197 
6208 4683 7791 7593 530 1324 4201 6782 7804 7187 9788 1344 2741 7694 4721 3867 4820 8915 8421 1425 3077 6651 6248 2559 1224 4378 9329 1307 1521 326 6535 7516 4142 6114 7374 4873 9085 962 4723 9937 9676 7204 3772 2062 8735 39 5503 8485 7760 9305 4787 5329 3818 2624 3150 164 6225 3479 7377 117 8307 3471 6547 4574 7736 2382 1058 4920 
5695 89 5951 8508 2956 8468 9100 4654 428 6182 2625 1077 2630 6885 2480 1112 8161 576 7282 3240 193 5453 2017 8115 6037 7931 5346 8635 7070 750 1435 1803 4738 7170 8494 296 589 3948 7562 3614 5966 6030 710 9122 1370 6238 534 1884 5098 5221 8817 5255 5493 3514 6508 5145 6843 9734 3003 3835 1872 4029 5849 4432 5081 2372 7071 611 5392 1639 9229 1929 5891 8346 2179 2164 3047 9315 2312 5191 6820 41 7092 6397 9978 5471 1459 5494 4243 3753 5150 3056 8058 6642 918 9990 5924 2252 6932 7232 7033 7544 465 8221 6930 6506 3185 670 
2890 4695 8218 9741 8150 1340 1558 2064 5032 3297 6002 944 3586 8916 8945 8055 4831 9974 1106 9565 8072 4570 6597 7559 6830 518 8097 8338 760 8657 7834 7917 3257 4113 9389 5846 3016 4651 5186 4253 8545 4327 4004 8300 943 1085 856 3278 306 7987 3646 6770 9262 2351 1918 4996 8209 3023 9244 9838 4609 7164 8008 4153 9083 6936 5998 5462 5864 1147 8850 9880 6449 4068 8600 4407 1446 8414 8016 6568 8762 8437 720 9597 3517 1095 3092 7960 6557 9688 2917 3636 4064 9752 8170 4826 4007 6497 1051 5164 4618 2222 5927 1239 6850 3903 5768 8476 6155 9687 1706 8977 7725 3803 9427 5728 4633 5842 4199 1103 8736 1270 6333 4882 9319 8012 8465 9685 1796 3863 7503 8461 8754 5173 5889 5023 2190 8749 9532 8129 1351 5991 2661 3137 3127 1110 8020 199 1509 6852 1891 7214 5554 7216 3455 227 4380 9376 1153 4877 2892 9185 5118 
8556 8589 3223 1631 9659 3035 9936 4364 7700 6920 2412 3043 319 6675 8052 7187 8940 9490 2300 2112 44 9336 7671 8649 4608 9551 95 6126 2092 7838 5166 9120 5147 4428 1331 739 9690 4405 1233 1951 601 5035 7266 4074 2968 2694 8257 6788 2020 7729 4822 8864 2593 4382 
1617 5535 7993 8111 9442 365 148 6694 6066 718 1507 8271 6917 7784 8395 8470 7265 112 5511 1455 7339 7639 8188 8766 5354 9923 7553 124 5631 5500 4138 9508 2355 2866 3579 5680 70 514 6850 4191 6897 9096 734 6786 5368 8654 8029 1804 1693 2429 4728 6440 5592 9113 5377 4506 3443 7283 7537 7198 6171 9038 590 4642 1874 9386 5288 2578 2476 422 223 45 1852 4172 8441 
1930 9705 9178 7592 9660 6620 6254 4768 6189 7780 7878 8894 7196 9544 6969 5775 9777 6903 6809 9276 2313 2912 3917 9613 418 7962 9300 4594 6233 6470 4949 1295 1212 701 1271 3237 9723 6699 7413 2998 2470 1486 5228 1604 1276 4944 7633 3325 8932 7368 3977 7040 6787 2002 3293 8366 2905 1339 6884 5412 4915 5381 9396 4078 9755 883 2528 5436 2535 5205 1727 1060 7577 9887 8410 919 3291 7206 170 6727 3540 270 9044 8604 4776 8905 1321 6431 9719 1458 597 3468 9374 7563 1608 894 2504 5067 9522 5812 5730 9963 7339 9702 2099 202 1910 3163 1269 6803 71 3058 7499 416 9445 1363 5452 6324 7122 6291 5066 6560 8839 4441 2974 5577 9032 442 3513 6438 1787 5278 238 595 3789 
8991 4444 5213 8526 6468 8668 1176 57 2530 779 5225 6794 6394 5174 4125 979 6454 8503 1017 2244 7971 2275 2969 2347 5792 3906 5756 549 4474 9770 4398 3566 1152 8408 1139 4211 5111 5239 5697 5520 5184 6168 3610 7857 8455 2635 7415 5840 3558 8003 8531 8251 5407 5785 511 9889 4910 4575 878 7762 283 50 6533 1722 3590 9483 3463 5342 1291 9885 3839 3836 7335 4322 9642 8854 3598 2685 9369 8244 1481 5531 8683 7238 8927 604 4742 8561 9639 8564 8253 9467 3481 2358 6173 1249 8695 8070 3002 8691 6604 405 6236 8646 4122 7057 5319 7211 7915 2812 389 5600 6166 
1092 8409 7776 606 4917 2606 4085 5063 7466 7331 8913 1149 9873 1491 1440 132 3260 2644 930 6796 4121 9700 8298 6284 8930 301 4584 3356 8854 8120 1554 9646 5965 4795 3308 210 8076 5307 6105 340 6797 2774 4400 7291 6255 6184 7231 3182 8807 626 8181 9665 8543 7526 9160 5591 191 5098 8199 4701 8666 2499 9043 4879 2464 2330 951 3733 
7119 6965 6537 5424 3284 4865 3221 3520 4443 9884 8994 8381 8913 149 4015 4819 7461 1605 6396 7310 3661 2986 7042 8084 8565 699 4158 7422 5895 959 7154 7270 4843 4509 6983 5052 3310 8246 3774 5710 8456 209 8487 4986 5458 9937 3460 9889 3619 4778 7602 7402 6142 9563 2011 4578 1179 4256 4839 4629 5692 8823 2889 333 6834 2100 5481 4647 1441 4671 4978 
9010 8044 8382 3177 7749 2106 5430 6924 1436 2449 1711 564 3197 2585 4495 5595 3167 4931 902 9598 973 1502 692 490 1041 8721 9704 4700 2545 9451 5774 1776 2030 6365 575 84 9440 8728 3707 1035 5429 5571 1309 1701 5212 8294 8147 321 5776 612 642 769 8802 637 2279 4045 1846 5973 7677 3500 593 5092 7783 462 7481 2538 8450 6456 7271 3277 7455 5847 1364 1236 270 4518 1129 1793 9870 3011 8582 7786 6649 7028 7467 665 3934 438 6532 9370 4264 482 3304 4741 4497 415 8361 8020 2194 3340 3153 3248 53 9168 8205 
1673 4508 5397 9232 8427 309 6819 4066 5418 135 2244 5398 5345 1289 7180 8139 5387 6656 5817 4291 6143 8893 1164 5913 7039 7018 8447 8546 5056 3633 7470 4538 1858 321 8946 6099 7210 2211 4694 1393 8989 7402 6101 908 6747 9215 4270 6134 656 608 1414 4660 501 7460 9444 6044 8062 2401 2368 8171 8094 7581 999 964 5178 8079 5194 7736 5059 7411 3438 2609 2541 9211 1184 1572 2405 723 898 348 7954 2607 1799 3670 2059 6938 2648 2284 3215 5267 
4311 7596 2947 3475 1571 8024 72 9434 120 8179 3997 5618 5631 8733 7747 3372 1736 7404 8740 2016 1588 6684 8137 93 2091 9896 7895 6982 8820 8471 6933 546 3090 1995 3701 4179 4229 5312 7623 6017 7545 5474 871 2844 1947 5501 6912 6845 7135 1670 3024 9818 7583 2272 6545 7440 7064 9729 5605 5316 2806 610 3238 7445 8167 6719 2878 2219 5343 8620 7388 8088 603 7071 2302 4663 5519 4230 5914 3600 1348 7811 8723 4376 8634 78 3213 4199 156 9306 9090 3289 461 9834 6705 9436 7387 1545 1099 437 5518 9754 3860 9354 8784 6048 1359 5234 343 9851 3750 2505 
1657 8788 4850 994 2268 6027 508 6869 6903 9050 6913 2494 4504 2221 3406 5209 1557 4210 1333 9356 1899 7958 1768 4738 8285 6354 4083 8955 6577 7134 9629 2783 5426 1021 5954 6418 3349 6638 1550 3085 2554 8997 2835 5748 56 6926 7465 7489 3718 7509 182 4180 4453 3012 6298 1104 475 9048 5190 3572 6464 6934 9626 913 349 4041 573 61 1717 5059 3989 2143 392 3549 9963 7286 2189 2232 7144 3705 5694 6451 7817 9280 5512 9234 1043 6801 8667 4391 2574 6275 9825 7055 8466 4303 
58 5357 9152 9789 7488 565 7385 1819 5911 2081 2454 62 6471 4907 4840 7608 4678 8957 9990 8522 6669 7293 7541 754 6285 9551 8570 1760 1555 1820 4036 6403 4556 6858 3323 1851 626 4600 7570 7881 1159 9613 3009 77 6503 9573 2095 6326 9176 1047 4859 948 6015 2670 2852 7621 4128 5542 815 
9124 4316 1764 6679 7976 1241 2893 2547 9293 8534 8099 1151 1933 9408 7691 3276 4634 226 4189 3819 4909 6459 4300 869 4652 2516 1915 829 863 8051 7254 3976 8359 2787 5588 8365 5490 6981 8275 2660 2777 4027 3650 2442 7631 4638 8337 7392 341 4135 8358 6588 250 5301 2299 2678 2361 4363 7450 8279 
9125 1367 4049 2875 6047 2957 1485 2556 7245 68 4639 342 7099 8719 2943 7549 4958 9148 2439 2271 818 8592 4980 5741 9470 6230 7781 6781 2074 2241 9766 9864 312 7496 1116 3521 4410 6116 2151 119 7567 2543 1329 1089 7995 5085 3946 6521 5234 9098 7552 3311 2664 682 711 2748 4059 1840 6068 3129 4971 6267 5715 5907 8640 3392 1187 6857 931 4452 
3280 8798 5349 685 7165 4148 5114 332 1344 6150 7566 6849 3381 6176 1911 5833 8758 9212 1642 2688 6212 6408 74 8206 5999 9753 6087 2322 5039 7916 9323 2308 452 9771 3231 732 8594 3758 5717 6515 2457 3497 6435 1577 6113 7057 8989 5778 219 5303 3584 8918 7932 5362 2492 9407 9168 5139 4834 2911 1215 9364 6526 
1979 5565 8508 2416 4361 2540 1484 6659 9154 5317 8443 3829 9895 275 7020 9543 1449 911 7183 5390 6332 2468 2793 4671 3676 9917 8706 6367 2481 104 1821 9732 3542 1427 6159 6202 1004 6316 9285 6667 6697 8732 1807 300 9275 8010 9843 7614 623 922 5516 6193 5562 4355 222 1953 3851 654 2711 8616 6650 4566 9214 2250 6816 8853 9346 1306 3479 9407 7322 8390 6812 5468 6333 6463 82 826 6437 3307 7316 9857 8489 5624 1297 6987 2923 7116 3389 2932 739 1223 2824 6582 7353 4455 1599 3384 8389 9618 3483 
8258 8550 6673 7333 5813 5365 1593 8647 5167 9464 175 7818 5796 6839 6856 540 4831 6972 6821 5989 4888 6124 3622 3845 1843 1867 5976 4403 4111 4059 8722 5419 2262 7301 2070 8429 8746 2833 2909 4102 9614 2994 5818 2339 8134 7656 1704 6422 3254 1968 5380 6928 3737 9361 4208 2996 8976 7682 5551 6009 5310 8780 1740 2720 9783 9284 352 4584 7063 581 2227 9782 5533 9743 3667 5014 1067 7967 7512 1912 4448 8572 7332 5640 5870 5525 8312 1160 2838 9776 6783 4964 5376 2176 9220 201 5158 7680 2072 9634 9621 7896 4965 9981 6063 4252 9101 6177 4710 1127 3144 8805 7885 5125 2309 7517 3194 8028 6010 4933 3611 4662 2087 8349 2586 3901 1193 3299 9824 6820 5616 749 5492 287 82 9710 1811 4118 4745 3583 6548 2784 4801 1062 4894 7137 7675 2602 8544 9935 4862 2125 3645 9509 5619 2895 7193 6995 5248 3252 2906 9313 587 8287 6227 4269 4385 9073 7401 683 1001 7328 7482 1596 2425 3263 8148 1882 2180 
4613 8212 9695 7113 9383 419 2443 657 9252 4529 9308 2217 6457 3021 87 571 4399 6154 9691 2488 672 7899 1538 9144 1352 2149 6072 3162 7378 6600 3932 6758 2230 4927 3482 9352 7065 2734 6303 3198 7110 631 1914 7124 3272 6923 6452 4718 9327 3562 7775 579 1158 5102 2063 2822 
8371 4058 9072 4670 4950 7832 4913 7077 314 4346 7837 839 2006 7586 5685 7262 88 9505 9566 7408 3576 7432 7218 2941 2447 3098 8490 4187 9236 9008 3592 8361 5018 5777 6632 9438 251 3531 3053 6157 8603 5788 5917 5414 1702 303 2450 5877 6815 8431 6362 1061 7236 7973 8585 6074 3084 5579 1956 3944 5227 5233 1848 8158 2944 4775 9758 1136 4967 7341 2197 9302 7190 3399 
9072 7251 6712 6254 1630 9345 9820 5993 2064 7112 7637 9392 7815 6517 268 5632 8960 1493 4811 6541 7475 4459 8637 5858 848 6507 1489 449 2196 3786 3202 7515 5840 6909 1429 1186 8157 3652 7025 527 6215 4524 5069 6853 273 8919 7114 2627 3236 2590 6922 7200 7013 7458 2159 2836 3065 5832 7718 7425 5615 4896 6630 7963 1603 8645 4864 4145 1607 7888 2108 4753 1613 4290 3255 4044 3053 2780 2053 3341 4696 2597 2920 
4473 599 369 92 8519 461 9307 1437 8689 4345 4534 4640 7705 1683 7953 6339 9309 7142 1439 1055 3825 5336 9012 3603 5641 5749 8799 3819 5699 7138 7001 8790 9739 1074 4872 7516 580 4925 6792 8860 7364 4090 9716 7773 8606 9253 6519 6977 1177 3727 7323 323 9610 1357 3581 1199 8936 3309 5242 5251 5443 7981 9456 9037 987 2831 7087 1345 7194 
5589 357 3524 6421 2201 4522 1072 8495 1629 2887 9139 7494 5375 5943 6144 2668 9598 3949 4216 5094 2331 2830 3320 6799 8630 9233 3999 7714 5868 5879 6676 6335 5782 4032 9526 8095 8318 748 6106 2061 4447 3193 6185 2120 7131 5522 9053 6465 7098 8704 5776 8068 4349 298 398 1939 2079 4379 6993 2790 4095 2913 6663 221 8822 1868 8199 1989 2206 1667 2910 8803 1958 1468 8488 9152 4218 1817 181 2251 165 1797 6055 6708 1518 4956 9249 3573 9006 458 8249 1108 1890 331 5539 7990 7502 9427 5862 7696 1622 6566 9061 4689 2218 7619 1454 8502 6021 3781 1264 4876 5576 7007 2667 7823 9002 906 2740 686 8511 2896 5948 6736 3808 8558 9387 4755 4022 6961 5767 7519 8898 5597 3130 5282 1806 9485 6275 4127 94 9060 1594 4627 
7985 4424 9886 4483 7099 4774 1130 5422 2575 243 9261 4931 6661 5055 263 4615 4893 7121 4571 3726 4100 933 1302 6911 1631 942 7706 1235 6692 3196 1064 1927 7855 3606 5117 5265 1371 2060 2696 2746 4372 1353 9863 852 2085 160 4397 9677 1220 9275 4019 3578 9059 7731 8941 3535 4597 4430 6346 9603 5806 8520 6406 5463 3897 8062 9600 9418 8302 9768 7914 464 2437 7898 7955 2933 6628 5687 868 5112 5348 2841 2483 9839 4805 1285 3189 5636 7446 374 4185 5967 1937 1170 4389 9852 6878 7427 
2521 313 1625 8182 6672 812 1829 6427 6274 9668 434 7819 1407 9118 2779 8546 7726 2145 4143 758 4853 7370 4476 8274 4153 7851 5706 2874 8996 1681 3100 9349 5557 6962 846 127 8709 4017 7192 5245 4537 2674 7424 6716 1084 4019 6393 5905 7437 2229 5992 6461 7059 3187 9289 5649 5952 
1880 5011 6760 7935 3203 8617 6007 261 7983 6013 4126 6569 6737 954 1999 5755 6188 7334 3026 7883 6733 8675 1703 6216 6989 8082 6925 2584 5021 4409 1761 1635 6380 5977 3192 6460 1517 5652 9647 2561 6259 4331 2094 4848 6756 8335 3405 1274 728 888 4404 7869 2864 9640 4642 4523 2323 4593 8878 1566 1037 7474 2916 704 
1391 1833 7443 1203 1677 7146 3799 8073 2662 2010 7595 3852 2992 8277 3859 4450 4948 9757 1292 2027 8292 795 673 7400 532 2922 4679 5103 8428 4392 4512 9348 5129 5524 7887 7259 4656 5523 6991 5489 4467 6091 6752 7854 4082 7961 1659 7423 983 4251 7390 3045 4166 6245 7867 517 370 8588 9227 3840 6280 8183 9846 8523 7956 9588 3963 5070 8855 7290 6413 1906 
8417 5054 9515 5167 3486 5127 794 9473 6602 5197 9607 2482 1694 9202 8397 1991 8528 9015 291 1330 1598 5096 4557 7732 7345 328 5108 5364 7765 7256 7880 2203 9977 8263 4115 7075 8416 1107 3287 5594 2273 7543 4874 5830 8491 3031 1040 1188 802 5336 7605 9656 4887 8036 1426 8191 966 3174 2467 7835 1758 3134 3110 5433 8614 895 5722 904 9194 9932 3169 1830 4573 1016 3232 1431 5130 1133 6141 1031 3630 278 6898 6652 8423 7862 4622 6864 2238 
8598 1814 9188 8278 9602 640 9169 7315 9319 7295 6129 180 8530 1259 1619 435 3669 5472 7090 6682 602 8959 8500 8477 8897 3675 4561 1986 1648 7733 9220 9151 5817 4087 3508 1809 3335 4390 6430 1219 1138 2280 2248 7140 7073 4562 7713 2858 7909 
9111 9439 8708 2169 8937 6023 7451 7575 6539 6619 229 2419 1340 9831 6054 1382 1534 6535 6200 2036 1825 5792 5180 5850 9000 9749 8115 3551 5714 4464 4462 7346 946 9877 3173 4008 7277 1663 7794 8942 6954 9520 6307 6721 8368 7076 3427 4063 4875 4130 6081 9314 6372 4727 9290 8963 9853 7325 3919 3229 1046 6904 8808 5088 8867 5793 3894 2616 6281 5919 2014 3347 8648 6754 1273 8303 232 8677 5428 9074 9253 9868 2613 3757 5227 9552 4932 8597 1349 609 9163 4119 7789 7839 4480 7636 8562 336 9063 2378 5771 8610 3155 
5828 9660 200 2184 5953 1794 4167 8791 9999 4369 9098 715 5949 6127 3623 2451 3566 4235 2506 989 6950 7253 8471 7511 541 5540 5260 3522 1947 2498 4748 3657 2880 9110 3786 847 6001 8310 9667 2496 519 9861 6184 9391 217 9401 2387 1945 2289 3518 5856 5218 4353 3253 4989 1886 5559 9190 6941 6130 7913 9419 9601 4427 6666 4767 9265 2577 4781 3285 2108 2225 1723 3777 7014 176 6253 3808 4163 2589 1185 9297 5797 1982 7027 8203 
3007 809 9605 1192 7185 3565 3489 4477 5115 2263 7550 169 1337 5897 4273 8628 230 9740 1025 8323 4541 4745 4549 6396 6174 7601 6439 2860 9014 6647 9272 5082 8505 1142 5039 450 2474 339 8587 7504 1082 7217 179 6771 9904 5947 5503 5574 3642 1928 8102 4898 5961 6715 8259 4459 3785 
5013 1314 1244 2358 4577 9421 6567 4094 2260 525 8852 8481 8662 1942 568 8575 2677 4952 7918 1538 8308 4262 3409 7468 5162 6211 9638 8451 3557 334 5042 7008 4961 4698 4239 6353 285 3853 1157 6089 1191 4612 6472 9472 638 8372 6783 7225 5805 
4636 9046 7275 7244 5461 8711 302 7738 7771 2757 6107 1672 5831 185 4764 647 7523 4849 4685 7288 3172 4188 2090 2666 8784 4650 1195 3556 8247 3964 2845 4204 2285 9177 9161 8132 6272 5195 7609 5470 5712 3306 8886 9572 1432 9067 9191 6232 7728 7469 
7363 9705 3330 1137 1442 3982 831 6621 5438 8931 1680 891 9985 4807 6093 2052 2185 2919 5537 1448 1724 255 7790 5386 5504 9141 2620 3544 1614 8473 8128 5937 1520 8494 3717 6543 7899 7351 3060 6657 1146 1250 637 6599 4771 2710 8551 677 5651 9869 7644 7978 4350 4796 8685 8292 5289 8201 8950 7495 8284 3534 706 567 9949 8964 4237 9539 1304 2410 5002 8965 3450 399 7406 4868 8504 3227 4553 3831 6827 7568 6080 4347 9911 1655 4825 2453 4762 7184 3630 6852 3179 3124 8577 5061 
1530 1210 3848 2704 2879 6276 1076 5181 1875 5053 7272 9268 3882 7133 3545 3543 9132 6289 5046 5469 6199 3018 7961 2256 5151 793 4226 9015 7556 4333 4128 7824 9127 2676 7610 8876 5193 2776 5959 9336 980 5321 9728 4212 8063 5417 2156 1469 5014 252 8909 6086 914 7748 9463 7959 5673 4968 9550 6603 6474 9155 1621 8739 8267 3724 3168 9711 4339 8021 503 5883 4983 808 2408 5033 5799 8446 1686 380 7939 2862 8751 7787 6167 4672 9438 9867 4662 2818 8364 8284 1232 346 6802 7761 5466 1871 1114 1828 6680 8190 9104 9957 8035 3914 798 6615 9961 4176 9181 7109 9593 9839 9658 5783 3069 1565 4981 8124 9507 1895 7288 6887 5807 5360 870 8247 3265 8093 2552 9709 5530 7501 4202 3891 8401 2614 9049 8827 5049 3725 9866 3000 
8798 7045 2137 2438 6023 1922 9549 1514 8591 2744 7115 1784 2485 3199 2032 6377 6004 2086 3862 6012 4988 5677 2537 2117 7589 2915 4244 5676 4668 4979 4020 837 7846 4617 9703 1878 5988 1115 2220 7236 2342 5318 3593 3061 5215 6270 8731 4096 9131 7521 6101 6780 1743 2916 4456 
